"","uni","metric","metrix","stage","col","ASnormalized.t5_ahya2.002r","pval"
"1","Quant.1.0","Quant","1","1","1",0.378030699710757,5.08009674171521e-57
"2","Sigma.1.0","Sigma","2","1","1",4.71733967613933,1.47782772204757e-48
"3","Connect.1.0","Connect","3","1","1",0.310810490630047,8.96168195659451e-18
"4","Tau1.1.0","Tau1","4","1","1",740.300412662968,4.84343637682655e-28
"5","Tau2.1.0","Tau2","5","1","1",900707.902717502,1.06737279789957e-26
"6","NPQ.1.0","NPQ","6","1","1",0.763206672443111,4.5795935378551e-84
"7","qP.1.0","qP","7","1","1",1.40930569049233,1.01601934834304e-56
"8","ABQ.1.0","ABQ","8","1","1",0,1.47782772204757e-48
"9","qm.1.0","qm","9","1","1",0,5.08009674171521e-57
"10","nTau1.1.0","nTau1","10","1","1",1,4.84343637682655e-28
"11","nTau2.1.0","nTau2","11","1","1",1,1.06737279789957e-26
"12","nCon.1.0","nCon","12","1","1",1,8.96168195659451e-18
"13","Fm.1.0","Fm","13","1","1",1898.62453636353,4.5795935378551e-84
"14","Fo.1.0","Fo","14","1","1",1180.88617439401,1.01601934834304e-56
"15","Quant.3.0","Quant","1","3","1",0.0404626742257282,7.921394396896e-84
"16","Sigma.3.0","Sigma","2","3","1",3.23964157430823,4.06173596785699e-29
"17","Connect.3.0","Connect","3","3","1",0.481396451107016,1.34383864587848e-12
"18","Tau1.3.0","Tau1","4","3","1",3010.96942818556,0.000119344563428232
"19","Tau2.3.0","Tau2","5","3","1",4222140.24111017,1.03445620109462e-11
"20","NPQ.3.0","NPQ","6","3","1",0.0644293246574954,3.27246852375153e-97
"21","qP.3.0","qP","7","3","1",0.214564550948322,1.58427887937917e-83
"22","ABQ.3.0","ABQ","8","3","1",0.313248187173253,4.06173596785699e-29
"23","qm.3.0","qm","9","3","1",0.89296458129806,7.921394396896e-84
"24","nTau1.3.0","nTau1","10","3","1",4.06722646196383,0.000119344563428232
"25","nTau2.3.0","nTau2","11","3","1",4.68757987841748,1.03445620109462e-11
"26","nCon.3.0","nCon","12","3","1",1.54884235127061,1.34383864587848e-12
"27","Fm.3.0","Fm","13","3","1",3145.03497172777,3.27246852375153e-97
"28","Fo.3.0","Fo","14","3","1",3017.77844623822,1.58427887937917e-83
"29","Quant.4.0","Quant","1","4","1",0.0377395102847636,2.73219422757446e-84
"30","Sigma.4.0","Sigma","2","4","1",2.73337422705389,1.95106640486259e-27
"31","Connect.4.0","Connect","3","4","1",0.598738049297076,5.52071134119587e-16
"32","Tau1.4.0","Tau1","4","4","1",3088.78898517809,4.60770015936331e-05
"33","Tau2.4.0","Tau2","5","4","1",6111683.07207291,3.43533144710143e-06
"34","NPQ.4.0","NPQ","6","4","1",0.0983429864521799,3.6083888119947e-95
"35","qP.4.0","qP","7","4","1",0.269771911212915,5.46438845511283e-84
"36","ABQ.4.0","ABQ","8","4","1",0.42056870721447,1.95106640486259e-27
"37","qm.4.0","qm","9","4","1",0.900168133663115,2.73219422757446e-84
"38","nTau1.4.0","nTau1","10","4","1",4.17234535108155,4.60770015936331e-05
"39","nTau2.4.0","nTau2","11","4","1",6.78542183723881,3.43533144710143e-06
"40","nCon.4.0","nCon","12","4","1",1.92637657784127,5.52071134119587e-16
"41","Fm.4.0","Fm","13","4","1",3047.92536782511,3.6083888119947e-95
"42","Fo.4.0","Fo","14","4","1",2932.89815705888,5.46438845511283e-84
"43","Quant.5.0","Quant","1","5","1",0.0397477147905061,2.16295919759869e-79
"44","Sigma.5.0","Sigma","2","5","1",3.6132923258998,1.23348883373751e-22
"45","Connect.5.0","Connect","3","5","1",0.24423135878184,0.0102832839337575
"46","Tau1.5.0","Tau1","4","5","1",2655.77160742079,1.79187148363868e-11
"47","Tau2.5.0","Tau2","5","5","1",11617125.0379891,4.22866147181442e-07
"48","NPQ.5.0","NPQ","6","5","1",0.109861490151333,5.20289422269568e-96
"49","qP.5.0","qP","7","5","1",0.293509372244378,4.32591839519737e-79
"50","ABQ.5.0","ABQ","8","5","1",0.234040248537515,1.23348883373751e-22
"51","qm.5.0","qm","9","5","1",0.894855854773387,2.16295919759869e-79
"52","nTau1.5.0","nTau1","10","5","1",3.58742418887435,1.79187148363868e-11
"53","nTau2.5.0","nTau2","11","5","1",12.8977718558252,4.22866147181442e-07
"54","nCon.5.0","nCon","12","5","1",0.785788659471423,0.0102832839337575
"55","Fm.5.0","Fm","13","5","1",3016.29300654799,5.20289422269568e-96
"56","Fo.5.0","Fo","14","5","1",2896.40225239912,4.32591839519737e-79
"57","Quant.6.0","Quant","1","6","1",0.0370993053016744,5.04338633128239e-84
"58","Sigma.6.0","Sigma","2","6","1",3.14806265163438,1.48871998111672e-28
"59","Connect.6.0","Connect","3","6","1",0.423413975017989,6.82488026463112e-11
"60","Tau1.6.0","Tau1","4","6","1",2034.38368051162,1.38294157928566e-07
"61","Tau2.6.0","Tau2","5","6","1",11914005.0778363,0.00417207975395422
"62","NPQ.6.0","NPQ","6","6","1",0.137348731262511,4.15989803651347e-100
"63","qP.6.0","qP","7","6","1",0.333968018166712,1.00867726625648e-83
"64","ABQ.6.0","ABQ","8","6","1",0.332661443152478,1.48871998111672e-28
"65","qm.6.0","qm","9","6","1",0.901861660097817,5.04338633128239e-84
"66","nTau1.6.0","nTau1","10","6","1",2.74805152842431,1.38294157928566e-07
"67","nTau2.6.0","nTau2","11","6","1",13.2273793111961,0.00417207975395422
"68","nCon.6.0","nCon","12","6","1",1.36228984472076,6.82488026463112e-11
"69","Fm.6.0","Fm","13","6","1",2943.3957755985,4.15989803651347e-100
"70","Fo.6.0","Fo","14","6","1",2834.19783709592,1.00867726625648e-83
"71","Quant.7.0","Quant","1","7","1",0.0420089007918299,6.25638977231199e-85
"72","Sigma.7.0","Sigma","2","7","1",3.85642008384905,5.28147288025122e-31
"73","Connect.7.0","Connect","3","7","1",0.32461013703982,2.52780036517295e-08
"74","Tau1.7.0","Tau1","4","7","1",1413.85205459833,3.30557040906769e-12
"75","Tau2.7.0","Tau2","5","7","1",15803275.7243893,0.0103191681656224
"76","NPQ.7.0","NPQ","6","7","1",0.173237678390838,7.23562795309879e-104
"77","qP.7.0","qP","7","7","1",0.399468645868756,1.2512779544624e-84
"78","ABQ.7.0","ABQ","8","7","1",0.182501081413509,5.28147288025122e-31
"79","qm.7.0","qm","9","7","1",0.888874367018414,6.25638977231199e-85
"80","nTau1.7.0","nTau1","10","7","1",1.90983556190722,3.30557040906769e-12
"81","nTau2.7.0","nTau2","11","7","1",17.5453947686144,0.0103191681656224
"82","nCon.7.0","nCon","12","7","1",1.04439890809927,2.52780036517295e-08
"83","Fm.7.0","Fm","13","7","1",2853.35828591177,7.23562795309879e-104
"84","Fo.7.0","Fo","14","7","1",2733.49184075536,1.2512779544624e-84
"85","Quant.8.0","Quant","1","8","1",0.0469359151665939,4.11928759615825e-85
"86","Sigma.8.0","Sigma","2","8","1",3.7730316175283,1.66294729542887e-31
"87","Connect.8.0","Connect","3","8","1",0.329302201203338,3.51058914379219e-08
"88","Tau1.8.0","Tau1","4","8","1",1741.17041019165,3.31962963914275e-14
"89","Tau2.8.0","Tau2","5","8","1",17056043.7875676,0.000508303521855695
"90","NPQ.8.0","NPQ","6","8","1",0.199967542666825,2.01604245089708e-102
"91","qP.8.0","qP","7","8","1",0.448012482132315,8.2385751923165e-85
"92","ABQ.8.0","ABQ","8","8","1",0.200178092620173,1.66294729542887e-31
"93","qm.8.0","qm","9","8","1",0.875840995975972,4.11928759615825e-85
"94","nTau1.8.0","nTau1","10","8","1",2.35197817049488,3.31962963914275e-14
"95","nTau2.8.0","nTau2","11","8","1",18.9362652821278,0.000508303521855695
"96","nCon.8.0","nCon","12","8","1",1.05949513008974,3.51058914379219e-08
"97","Fm.8.0","Fm","13","8","1",2789.798333662,2.01604245089708e-102
"98","Fo.8.0","Fo","14","8","1",2658.85659574134,8.2385751923165e-85
"99","Quant.9.0","Quant","1","9","1",0.0566241999370047,7.36120351215039e-82
"100","Sigma.9.0","Sigma","2","9","1",3.67087827638611,2.86006821623824e-31
"101","Connect.9.0","Connect","3","9","1",0.240698152697122,5.67656066176246e-05
"102","Tau1.9.0","Tau1","4","9","1",1690.40881112737,5.25248094129633e-12
"103","Tau2.9.0","Tau2","5","9","1",11508627.616502,0.00310609364549433
"104","NPQ.9.0","NPQ","6","9","1",0.222880466062439,3.36173411899406e-99
"105","qP.9.0","qP","7","9","1",0.497665455038642,1.47224070243008e-81
"106","ABQ.9.0","ABQ","8","9","1",0.221832954927182,2.86006821623824e-31
"107","qm.9.0","qm","9","9","1",0.850212694417862,7.36120351215039e-82
"108","nTau1.9.0","nTau1","10","9","1",2.28340925145067,5.25248094129633e-12
"109","nTau2.9.0","nTau2","11","9","1",12.7773139125122,0.00310609364549433
"110","nCon.9.0","nCon","12","9","1",0.774420941227563,5.67656066176246e-05
"111","Fm.9.0","Fm","13","9","1",2737.52631093991,3.36173411899406e-99
"112","Fo.9.0","Fo","14","9","1",2582.51607377644,1.47224070243008e-81
"113","Quant.10.0","Quant","1","10","1",0.0889221109391886,1.079278737202e-76
"114","Sigma.10.0","Sigma","2","10","1",5.03537316298389,5.11854603080178e-36
"115","Connect.10.0","Connect","3","10","1",0.235509151436797,8.2192320600405e-07
"116","Tau1.10.0","Tau1","4","10","1",1297.46701421655,3.19808864748168e-18
"117","Tau2.10.0","Tau2","5","10","1",4552850.4916811,1.79337266598735e-08
"118","NPQ.10.0","NPQ","6","10","1",0.265054797165742,1.37831712858361e-99
"119","qP.10.0","qP","7","10","1",0.609253502790036,2.15855747440401e-76
"120","ABQ.10.0","ABQ","8","10","1",-0.0674179746803476,5.11854603080178e-36
"121","qm.10.0","qm","9","10","1",0.76477542430489,1.079278737202e-76
"122","nTau1.10.0","nTau1","10","10","1",1.75262230308554,3.19808864748168e-18
"123","nTau2.10.0","nTau2","11","10","1",5.05474691400488,1.79337266598735e-08
"124","nCon.10.0","nCon","12","10","1",0.757725876495976,8.2192320600405e-07
"125","Fm.10.0","Fm","13","10","1",2646.26280101114,1.37831712858361e-99
"126","Fo.10.0","Fo","14","10","1",2410.95152664538,2.15855747440401e-76
"127","Quant.11.0","Quant","1","11","1",0.0987710410751601,1.63503346795167e-77
"128","Sigma.11.0","Sigma","2","11","1",4.69692844253864,2.23340027306949e-38
"129","Connect.11.0","Connect","3","11","1",0.22862238641366,1.31781191656373e-07
"130","Tau1.11.0","Tau1","4","11","1",1762.29344530714,6.19517740008166e-18
"131","Tau2.11.0","Tau2","5","11","1",5266301.26221522,1.88456604947732e-05
"132","NPQ.11.0","NPQ","6","11","1",0.239831951680265,1.79856510008789e-99
"133","qP.11.0","qP","7","11","1",0.594648611398505,3.27006693590334e-77
"134","ABQ.11.0","ABQ","8","11","1",0.00432685263347377,2.23340027306949e-38
"135","qm.11.0","qm","9","11","1",0.738722169520272,1.63503346795167e-77
"136","nTau1.11.0","nTau1","10","11","1",2.38051122917507,6.19517740008166e-18
"137","nTau2.11.0","nTau2","11","11","1",5.84684695929325,1.88456604947732e-05
"138","nCon.11.0","nCon","12","11","1",0.735568435770031,1.31781191656373e-07
"139","Fm.11.0","Fm","13","11","1",2700.09774021674,1.79856510008789e-99
"140","Fo.11.0","Fo","14","11","1",2433.40627541084,3.27006693590334e-77
"141","Quant.12.0","Quant","1","12","1",0.105592897048654,1.06320805174327e-72
"142","Sigma.12.0","Sigma","2","12","1",4.87719133151517,1.23253364566335e-35
"143","Connect.12.0","Connect","3","12","1",0.2336900802884,2.24595091524968e-06
"144","Tau1.12.0","Tau1","4","12","1",1492.87801794197,7.4068375848788e-18
"145","Tau2.12.0","Tau2","5","12","1",3902953.44538237,7.11839863162359e-08
"146","NPQ.12.0","NPQ","6","12","1",0.233005371738733,2.53538187881892e-95
"147","qP.12.0","qP","7","12","1",0.597932563394554,2.12641610348655e-72
"148","ABQ.12.0","ABQ","8","12","1",-0.033885975221241,1.23253364566335e-35
"149","qm.12.0","qm","9","12","1",0.720676397103606,1.06320805174327e-72
"150","nTau1.12.0","nTau1","10","12","1",2.01658406831339,7.4068375848788e-18
"151","nTau2.12.0","nTau2","11","12","1",4.33320661849072,7.11839863162359e-08
"152","nCon.12.0","nCon","12","12","1",0.751873206772025,2.24595091524968e-06
"153","Fm.12.0","Fm","13","12","1",2715.0469314336,2.53538187881892e-95
"154","Fo.12.0","Fo","14","12","1",2428.35726032047,2.12641610348655e-72
"155","Quant.13.0","Quant","1","13","1",0.114087896402296,2.35692919562158e-71
"156","Sigma.13.0","Sigma","2","13","1",5.0205909645872,2.92211246713668e-35
"157","Connect.13.0","Connect","3","13","1",0.217221284546888,1.05864255163556e-05
"158","Tau1.13.0","Tau1","4","13","1",1625.12700825103,1.82546213295774e-19
"159","Tau2.13.0","Tau2","5","13","1",4555453.03594095,2.01373625580857e-06
"160","NPQ.13.0","NPQ","6","13","1",0.222886522387665,1.19768720888444e-94
"161","qP.13.0","qP","7","13","1",0.599988899397265,4.71385839124316e-71
"162","ABQ.13.0","ABQ","8","13","1",-0.0642843868084664,2.92211246713668e-35
"163","qm.13.0","qm","9","13","1",0.698204678906796,2.35692919562158e-71
"164","nTau1.13.0","nTau1","10","13","1",2.19522639789597,1.82546213295774e-19
"165","nTau2.13.0","nTau2","11","13","1",5.05763635713289,2.01373625580857e-06
"166","nCon.13.0","nCon","12","13","1",0.698886591976212,1.05864255163556e-05
"167","Fm.13.0","Fm","13","13","1",2737.51275338625,1.19768720888444e-94
"168","Fo.13.0","Fo","14","13","1",2425.19568197795,4.71385839124316e-71
"169","Quant.14.0","Quant","1","14","1",0.119358699403018,1.38047484919852e-70
"170","Sigma.14.0","Sigma","2","14","1",5.04699592464448,1.55958264246299e-35
"171","Connect.14.0","Connect","3","14","1",0.264156141026145,1.37402868219944e-07
"172","Tau1.14.0","Tau1","4","14","1",1564.39706026436,7.85182468038764e-21
"173","Tau2.14.0","Tau2","5","14","1",4235556.79543742,2.64501211227933e-07
"174","NPQ.14.0","NPQ","6","14","1",0.215077982763551,8.89356699211442e-94
"175","qP.14.0","qP","7","14","1",0.599297127237356,2.76094969839703e-70
"176","ABQ.14.0","ABQ","8","14","1",-0.0698818128727452,1.55958264246299e-35
"177","qm.14.0","qm","9","14","1",0.684261888004484,1.38047484919852e-70
"178","nTau1.14.0","nTau1","10","14","1",2.11319220346912,7.85182468038764e-21
"179","nTau2.14.0","nTau2","11","14","1",4.70247544476787,2.64501211227933e-07
"180","nCon.14.0","nCon","12","14","1",0.849894546643748,1.37402868219944e-07
"181","Fm.14.0","Fm","13","14","1",2755.10502080411,8.89356699211442e-94
"182","Fo.14.0","Fo","14","14","1",2426.25926880221,2.76094969839703e-70
"183","Quant.15.0","Quant","1","15","1",0.125797363233332,2.23927518714473e-76
"184","Sigma.15.0","Sigma","2","15","1",5.03519361364426,7.2697534537516e-42
"185","Connect.15.0","Connect","3","15","1",0.222257365580111,4.51372392266045e-09
"186","Tau1.15.0","Tau1","4","15","1",1391.24735020889,5.12890042586769e-19
"187","Tau2.15.0","Tau2","5","15","1",3581608.08666126,8.7662501817957e-08
"188","NPQ.15.0","NPQ","6","15","1",0.20642899660863,1.56416469705783e-99
"189","qP.15.0","qP","7","15","1",0.599604332014355,4.47855037428947e-76
"190","ABQ.15.0","ABQ","8","15","1",-0.0673799131134556,7.2697534537516e-42
"191","qm.15.0","qm","9","15","1",0.667229769091285,2.23927518714473e-76
"192","nTau1.15.0","nTau1","10","15","1",1.87930105996344,5.12890042586769e-19
"193","nTau2.15.0","nTau2","11","15","1",3.97643684024009,8.7662501817957e-08
"194","nCon.15.0","nCon","12","15","1",0.715089651992025,4.51372392266045e-09
"195","Fm.15.0","Fm","13","15","1",2774.85658948099,1.56416469705783e-99
"196","Fo.15.0","Fo","14","15","1",2425.78694717364,4.47855037428947e-76
"197","Quant.16.0","Quant","1","16","1",0.0446977234385228,1.74441782353128e-80
"198","Sigma.16.0","Sigma","2","16","1",3.6152486347751,9.14338111973147e-28
"199","Connect.16.0","Connect","3","16","1",0.330443839197467,9.01404948515656e-07
"200","Tau1.16.0","Tau1","4","16","1",1557.63259807501,5.42569580643814e-12
"201","Tau2.16.0","Tau2","5","16","1",8398874.2884769,3.23111788423746e-07
"202","NPQ.16.0","NPQ","6","16","1",0.183377942437538,1.55526892007868e-98
"203","qP.16.0","qP","7","16","1",0.41965067170704,3.48883564706255e-80
"204","ABQ.16.0","ABQ","8","16","1",0.233625542578309,9.14338111973147e-28
"205","qm.16.0","qm","9","16","1",0.881761657260317,1.74441782353128e-80
"206","nTau1.16.0","nTau1","10","16","1",2.10405474781782,5.42569580643814e-12
"207","nTau2.16.0","nTau2","11","16","1",9.32474808218833,3.23111788423746e-07
"208","nCon.16.0","nCon","12","16","1",1.0631682300286,9.01404948515656e-07
"209","Fm.16.0","Fm","13","16","1",2828.90810359776,1.55526892007868e-98
"210","Fo.16.0","Fo","14","16","1",2702.46235155015,3.48883564706255e-80
"211","Quant.17.0","Quant","1","17","1",0.0445905178639419,1.84667195924795e-83
"212","Sigma.17.0","Sigma","2","17","1",3.35232041961472,1.69302760032694e-30
"213","Connect.17.0","Connect","3","17","1",0.322470703248149,6.79770595715139e-08
"214","Tau1.17.0","Tau1","4","17","1",1890.18205067226,2.45820108627584e-11
"215","Tau2.17.0","Tau2","5","17","1",12424156.9357861,0.00397572873685294
"216","NPQ.17.0","NPQ","6","17","1",0.226469709696602,2.0975273152696e-100
"217","qP.17.0","qP","7","17","1",0.48121750034251,3.69334391849591e-83
"218","ABQ.17.0","ABQ","8","17","1",0.289362087582749,1.69302760032694e-30
"219","qm.17.0","qm","9","17","1",0.882045246859423,1.84667195924795e-83
"220","nTau1.17.0","nTau1","10","17","1",2.55326353780217,2.45820108627584e-11
"221","nTau2.17.0","nTau2","11","17","1",13.7937692100863,0.00397572873685294
"222","nCon.17.0","nCon","12","17","1",1.03751550533081,6.79770595715139e-08
"223","Fm.17.0","Fm","13","17","1",2729.51498476756,2.0975273152696e-100
"224","Fo.17.0","Fo","14","17","1",2607.80449807938,3.69334391849591e-83
"225","Quant.18.0","Quant","1","18","1",0.0454064251967598,1.18246388248444e-77
"226","Sigma.18.0","Sigma","2","18","1",3.5709510443012,8.07722877487003e-25
"227","Connect.18.0","Connect","3","18","1",0.24978934806892,0.00175895681996856
"228","Tau1.18.0","Tau1","4","18","1",1468.34911235992,1.13574942385069e-11
"229","Tau2.18.0","Tau2","5","18","1",8519510.53338674,1.27493604343884e-05
"230","NPQ.18.0","NPQ","6","18","1",0.254300243220836,1.59037813155771e-95
"231","qP.18.0","qP","7","18","1",0.520268270711793,2.36492776496887e-77
"232","ABQ.18.0","ABQ","8","18","1",0.243015917983744,8.07722877487003e-25
"233","qm.18.0","qm","9","18","1",0.879886937141609,1.18246388248444e-77
"234","nTau1.18.0","nTau1","10","18","1",1.98345034967366,1.13574942385069e-11
"235","nTau2.18.0","nTau2","11","18","1",9.45868300664705,1.27493604343884e-05
"236","nCon.18.0","nCon","12","18","1",0.803670904294668,0.00175895681996856
"237","Fm.18.0","Fm","13","18","1",2668.95224574312,1.59037813155771e-95
"238","Fo.18.0","Fo","14","18","1",2547.76466524306,2.36492776496887e-77
"239","Quant.19.0","Quant","1","19","1",0.0452413287474387,2.05811017436725e-81
"240","Sigma.19.0","Sigma","2","19","1",3.33062209186741,9.86760161250984e-27
"241","Connect.19.0","Connect","3","19","1",0.352651489836449,3.01775527733677e-06
"242","Tau1.19.0","Tau1","4","19","1",1273.1899955365,2.71766181485332e-16
"243","Tau2.19.0","Tau2","5","19","1",10129151.0434395,2.93544736306325e-07
"244","NPQ.19.0","NPQ","6","19","1",0.285697739758803,3.80283300112861e-96
"245","qP.19.0","qP","7","19","1",0.560456100593904,4.1162203487345e-81
"246","ABQ.19.0","ABQ","8","19","1",0.293961783436127,9.86760161250984e-27
"247","qm.19.0","qm","9","19","1",0.880323664765708,2.05811017436725e-81
"248","nTau1.19.0","nTau1","10","19","1",1.71982883402246,2.71766181485332e-16
"249","nTau2.19.0","nTau2","11","19","1",11.2457668161666,2.93544736306325e-07
"250","nCon.19.0","nCon","12","19","1",1.13461900568924,3.01775527733677e-06
"251","Fm.19.0","Fm","13","19","1",2603.77485894034,3.80283300112861e-96
"252","Fo.19.0","Fo","14","19","1",2485.97662456271,4.1162203487345e-81
"253","Quant.20.0","Quant","1","20","1",0.0537464836962205,1.7153606062053e-76
"254","Sigma.20.0","Sigma","2","20","1",3.57125258616648,4.9243650946442e-26
"255","Connect.20.0","Connect","3","20","1",0.456290713746777,2.13215951196274e-09
"256","Tau1.20.0","Tau1","4","20","1",983.320982628923,5.66330957190117e-11
"257","Tau2.20.0","Tau2","5","20","1",9801208.74047862,7.55687149430982e-05
"258","NPQ.20.0","NPQ","6","20","1",0.310058903238297,9.69918222992322e-93
"259","qP.20.0","qP","7","20","1",0.604659309247719,3.43072121241059e-76
"260","ABQ.20.0","ABQ","8","20","1",0.242951995967102,4.9243650946442e-26
"261","qm.20.0","qm","9","20","1",0.857825082096921,1.7153606062053e-76
"262","nTau1.20.0","nTau1","10","20","1",1.32827290895567,5.66330957190117e-11
"263","nTau2.20.0","nTau2","11","20","1",10.8816728607661,7.55687149430982e-05
"264","nCon.20.0","nCon","12","20","1",1.46806728698837,2.13215951196274e-09
"265","Fm.20.0","Fm","13","20","1",2555.35643680249,9.69918222992322e-93
"266","Fo.20.0","Fo","14","20","1",2418.01501373385,3.43072121241059e-76
"267","Quant.21.0","Quant","1","21","1",0.0533009541897725,8.71259979744698e-82
"268","Sigma.21.0","Sigma","2","21","1",3.66183618056387,5.568508288546e-32
"269","Connect.21.0","Connect","3","21","1",0.285984373808423,3.22167921176637e-07
"270","Tau1.21.0","Tau1","4","21","1",1125.47484970107,2.75396519906866e-13
"271","Tau2.21.0","Tau2","5","21","1",10529505.824612,0.000298171499396692
"272","NPQ.21.0","NPQ","6","21","1",0.349435187621443,3.20360974931839e-100
"273","qP.21.0","qP","7","21","1",0.649831883404384,1.7425199594894e-81
"274","ABQ.21.0","ABQ","8","21","1",0.223749733544583,5.568508288546e-32
"275","qm.21.0","qm","9","21","1",0.85900363586726,8.71259979744698e-82
"276","nTau1.21.0","nTau1","10","21","1",1.52029477553926,2.75396519906866e-13
"277","nTau2.21.0","nTau2","11","21","1",11.6902558452565,0.000298171499396692
"278","nCon.21.0","nCon","12","21","1",0.920124585333979,3.22167921176637e-07
"279","Fm.21.0","Fm","13","21","1",2480.79157983208,3.20360974931839e-100
"280","Fo.21.0","Fo","14","21","1",2348.56302148107,1.7425199594894e-81
"281","Quant.22.0","Quant","1","22","1",0.0562618486777011,4.92886576688807e-79
"282","Sigma.22.0","Sigma","2","22","1",3.66084709413788,2.1463915471907e-29
"283","Connect.22.0","Connect","3","22","1",0.266217819684833,3.16002355112919e-05
"284","Tau1.22.0","Tau1","4","22","1",1120.72248550222,2.6311230173802e-11
"285","Tau2.22.0","Tau2","5","22","1",7341582.52555552,2.81940965543156e-05
"286","NPQ.22.0","NPQ","6","22","1",0.386448502534088,5.37780261078594e-97
"287","qP.22.0","qP","7","22","1",0.695261809866119,9.85773153377613e-79
"288","ABQ.22.0","ABQ","8","22","1",0.223959403929565,2.1463915471907e-29
"289","qm.22.0","qm","9","22","1",0.851171217785358,4.92886576688807e-79
"290","nTau1.22.0","nTau1","10","22","1",1.51387526784001,2.6311230173802e-11
"291","nTau2.22.0","nTau2","11","22","1",8.1509027548281,2.81940965543156e-05
"292","nCon.22.0","nCon","12","22","1",0.856527780465777,3.16002355112919e-05
"293","Fm.22.0","Fm","13","22","1",2414.56314090403,5.37780261078594e-97
"294","Fo.22.0","Fo","14","22","1",2278.71535484773,9.85773153377613e-79
"295","Quant.23.0","Quant","1","23","1",0.203581169873788,4.87203277305374e-68
"296","Sigma.23.0","Sigma","2","23","1",5.09712699668314,6.53582187220545e-44
"297","Connect.23.0","Connect","3","23","1",0.234444560299175,2.87129518661246e-10
"298","Tau1.23.0","Tau1","4","23","1",1187.00913291149,1.25475693396746e-18
"299","Tau2.23.0","Tau2","5","23","1",1744916.52060452,8.44386017432493e-13
"300","NPQ.23.0","NPQ","6","23","1",0.472857104180597,3.86564752549774e-92
"301","qP.23.0","qP","7","23","1",1,9.74406554610748e-68
"302","ABQ.23.0","ABQ","8","23","1",-0.0805087923739722,6.53582187220545e-44
"303","qm.23.0","qm","9","23","1",0.461469213930102,4.87203277305374e-68
"304","nTau1.23.0","nTau1","10","23","1",1.60341546837945,1.25475693396746e-18
"305","nTau2.23.0","nTau2","11","23","1",1.93727235582144,8.44386017432493e-13
"306","nCon.23.0","nCon","12","23","1",0.754300666698636,2.87129518661246e-10
"307","Fm.23.0","Fm","13","23","1",2272.90715540447,3.86564752549774e-92
"308","Fo.23.0","Fo","14","23","1",1810.18605769273,9.74406554610748e-68
"309","Quant.24.0","Quant","1","24","1",0.211712331534746,1.37154557753239e-68
"310","Sigma.24.0","Sigma","2","24","1",5.35517851328052,1.28372960619482e-45
"311","Connect.24.0","Connect","3","24","1",0.258323098917353,1.4844925821346e-12
"312","Tau1.24.0","Tau1","4","24","1",1201.52286137807,1.48179662211519e-19
"313","Tau2.24.0","Tau2","5","24","1",1766550.81568511,2.73331626369949e-12
"314","NPQ.24.0","NPQ","6","24","1",0.417434900772437,4.11923858618231e-93
"315","qP.24.0","qP","7","24","1",0.966454938402062,2.74309115506477e-68
"316","ABQ.24.0","ABQ","8","24","1",-0.135211555862178,1.28372960619482e-45
"317","qm.24.0","qm","9","24","1",0.439959951144885,1.37154557753239e-68
"318","nTau1.24.0","nTau1","10","24","1",1.62302065597399,1.48179662211519e-19
"319","nTau2.24.0","nTau2","11","24","1",1.96129156894849,2.73331626369949e-12
"320","nCon.24.0","nCon","12","24","1",0.831127348352056,1.4844925821346e-12
"321","Fm.24.0","Fm","13","24","1",2361.77862500498,4.11923858618231e-93
"322","Fo.24.0","Fo","14","24","1",1861.76096573625,2.74309115506477e-68
"323","Quant.25.0","Quant","1","25","1",0.217460395069233,3.18360393981079e-68
"324","Sigma.25.0","Sigma","2","25","1",5.40325289019334,1.41587512620676e-45
"325","Connect.25.0","Connect","3","25","1",0.24226689885465,9.08685009132856e-12
"326","Tau1.25.0","Tau1","4","25","1",1291.00181463605,1.67281353261844e-18
"327","Tau2.25.0","Tau2","5","25","1",1687811.95130371,2.9422093046678e-11
"328","NPQ.25.0","NPQ","6","25","1",0.390200588529659,3.02623118021389e-93
"329","qP.25.0","qP","7","25","1",0.951735623669008,6.36720787962157e-68
"330","ABQ.25.0","ABQ","8","25","1",-0.145402549136626,1.41587512620676e-45
"331","qm.25.0","qm","9","25","1",0.424754668772621,3.18360393981079e-68
"332","nTau1.25.0","nTau1","10","25","1",1.74388909225666,1.67281353261844e-18
"333","nTau2.25.0","nTau2","11","25","1",1.87387270191753,2.9422093046678e-11
"334","nCon.25.0","nCon","12","25","1",0.779468216672957,9.08685009132856e-12
"335","Fm.25.0","Fm","13","25","1",2408.04634856402,3.02623118021389e-93
"336","Fo.25.0","Fo","14","25","1",1884.39163826026,6.36720787962157e-68
"337","Quant.26.0","Quant","1","26","1",0.220759385870297,2.83303096710633e-66
"338","Sigma.26.0","Sigma","2","26","1",5.48853695031772,1.38389364321118e-44
"339","Connect.26.0","Connect","3","26","1",0.267591340370681,3.53392032391377e-12
"340","Tau1.26.0","Tau1","4","26","1",1433.56080604163,9.22114111145266e-20
"341","Tau2.26.0","Tau2","5","26","1",1677043.62751103,1.11909891139676e-11
"342","NPQ.26.0","NPQ","6","26","1",0.383378218392859,3.18878060764669e-91
"343","qP.26.0","qP","7","26","1",0.950883643064912,5.66606193421266e-66
"344","ABQ.26.0","ABQ","8","26","1",-0.163481395685616,1.38389364321118e-44
"345","qm.26.0","qm","9","26","1",0.416027888636542,2.83303096710633e-66
"346","nTau1.26.0","nTau1","10","26","1",1.93645820199519,9.22114111145266e-20
"347","nTau2.26.0","nTau2","11","26","1",1.86191730132629,1.11909891139676e-11
"348","nCon.26.0","nCon","12","26","1",0.860946938529146,3.53392032391377e-12
"349","Fm.26.0","Fm","13","26","1",2419.92204768812,3.18878060764669e-91
"350","Fo.26.0","Fo","14","26","1",1885.7015425865,5.66606193421266e-66
"351","Quant.27.0","Quant","1","27","1",0.22524403977755,9.47641553291095e-66
"352","Sigma.27.0","Sigma","2","27","1",5.4888048668916,2.97329701713645e-44
"353","Connect.27.0","Connect","3","27","1",0.23704238916227,2.98566637543769e-10
"354","Tau1.27.0","Tau1","4","27","1",1426.13259171564,1.2878356626892e-18
"355","Tau2.27.0","Tau2","5","27","1",1497298.77316134,2.67317845138115e-12
"356","NPQ.27.0","NPQ","6","27","1",0.379380188924536,6.25537616279959e-91
"357","qP.27.0","qP","7","27","1",0.954407851127846,1.89528310658219e-65
"358","ABQ.27.0","ABQ","8","27","1",-0.16353818968229,2.97329701713645e-44
"359","qm.27.0","qm","9","27","1",0.404164688344384,9.47641553291095e-66
"360","nTau1.27.0","nTau1","10","27","1",1.92642414798288,1.2878356626892e-18
"361","nTau2.27.0","nTau2","11","27","1",1.66235776176037,2.67317845138115e-12
"362","nCon.27.0","nCon","12","27","1",0.762658907303156,2.98566637543769e-10
"363","Fm.27.0","Fm","13","27","1",2426.93600927419,6.25537616279959e-91
"364","Fo.27.0","Fo","14","27","1",1880.28313826367,1.89528310658219e-65
"365","Quant.1.1","Quant","1","1","2",0.356844943743214,3.06608148213514e-59
"366","Sigma.1.1","Sigma","2","1","2",4.52025865888899,1.49518994637715e-49
"367","Connect.1.1","Connect","3","1","2",0.338803703591706,5.19455970412388e-20
"368","Tau1.1.1","Tau1","4","1","2",754.751294391482,3.81886273116314e-28
"369","Tau2.1.1","Tau2","5","1","2",780446.109677802,1.68642495042425e-27
"370","NPQ.1.1","NPQ","6","1","2",0.768365833825171,4.17029916505853e-86
"371","qP.1.1","qP","7","1","2",1.4204172405254,6.13216296427028e-59
"372","ABQ.1.1","ABQ","8","1","2",0,1.49518994637715e-49
"373","qm.1.1","qm","9","1","2",0,3.06608148213514e-59
"374","nTau1.1.1","nTau1","10","1","2",1,3.81886273116314e-28
"375","nTau2.1.1","nTau2","11","1","2",1,1.68642495042425e-27
"376","nCon.1.1","nCon","12","1","2",1,5.19455970412388e-20
"377","Fm.1.1","Fm","13","1","2",2114.92814163725,4.17029916505853e-86
"378","Fo.1.1","Fo","14","1","2",1360.22672791376,6.13216296427028e-59
"379","Quant.3.1","Quant","1","3","2",0.0389969845010803,1.19252342046775e-81
"380","Sigma.3.1","Sigma","2","3","2",2.73202506349834,3.33527422512578e-27
"381","Connect.3.1","Connect","3","3","2",0.506753567119699,1.34261944735731e-12
"382","Tau1.3.1","Tau1","4","3","2",3165.50146714453,1.4715419067694e-05
"383","Tau2.3.1","Tau2","5","3","2",4303951.61149445,6.66488027246572e-14
"384","NPQ.3.1","NPQ","6","3","2",0.0534079050296912,1.41246262311048e-94
"385","qP.3.1","qP","7","3","2",0.195817970970797,2.38504684093536e-81
"386","ABQ.3.1","ABQ","8","3","2",0.395604263015819,3.33527422512578e-27
"387","qm.3.1","qm","9","3","2",0.890717284398059,1.19252342046775e-81
"388","nTau1.3.1","nTau1","10","3","2",4.19409875897823,1.4715419067694e-05
"389","nTau2.3.1","nTau2","11","3","2",5.51473261013664,6.66488027246572e-14
"390","nCon.3.1","nCon","12","3","2",1.49571436719119,1.34261944735731e-12
"391","Fm.3.1","Fm","13","3","2",3550.34991555456,1.41246262311048e-94
"392","Fo.3.1","Fo","14","3","2",3411.89697492426,2.38504684093536e-81
"393","Quant.4.1","Quant","1","4","2",0.035046174808404,1.45369202429475e-82
"394","Sigma.4.1","Sigma","2","4","2",2.4042633520187,1.37329279081226e-25
"395","Connect.4.1","Connect","3","4","2",0.521258767836007,4.69395874505282e-12
"396","Tau1.4.1","Tau1","4","4","2",2377.16901073896,8.8005739286178e-07
"397","Tau2.4.1","Tau2","5","4","2",4606273.10313185,1.71047830616543e-11
"398","NPQ.4.1","NPQ","6","4","2",0.0873381608581161,1.21151866233745e-94
"399","qP.4.1","qP","7","4","2",0.251255381050822,2.90738404858828e-82
"400","ABQ.4.1","ABQ","8","4","2",0.468113766611393,1.37329279081226e-25
"401","qm.4.1","qm","9","4","2",0.901788786914623,1.45369202429475e-82
"402","nTau1.4.1","nTau1","10","4","2",3.14960574218763,8.8005739286178e-07
"403","nTau2.4.1","nTau2","11","4","2",5.90210271537326,1.71047830616543e-11
"404","nCon.4.1","nCon","12","4","2",1.53852736056327,4.69395874505282e-12
"405","Fm.4.1","Fm","13","4","2",3439.56167574871,1.21151866233745e-94
"406","Fo.4.1","Fo","14","4","2",3319.01819599614,2.90738404858828e-82
"407","Quant.5.1","Quant","1","5","2",0.030498196489149,7.2608418843787e-81
"408","Sigma.5.1","Sigma","2","5","2",2.63734095603767,3.98184489633744e-23
"409","Connect.5.1","Connect","3","5","2",0.486431996143137,4.56615044837706e-10
"410","Tau1.5.1","Tau1","4","5","2",2652.71084927959,1.62975420634892e-10
"411","Tau2.5.1","Tau2","5","5","2",7760471.52037718,1.28342257490345e-08
"412","NPQ.5.1","NPQ","6","5","2",0.115550306657787,1.86338020284135e-96
"413","qP.5.1","qP","7","5","2",0.292255112680839,1.45216837687574e-80
"414","ABQ.5.1","ABQ","8","5","2",0.416550875722256,3.98184489633744e-23
"415","qm.5.1","qm","9","5","2",0.914533757521599,7.2608418843787e-81
"416","nTau1.5.1","nTau1","10","5","2",3.51468208003319,1.62975420634892e-10
"417","nTau2.5.1","nTau2","11","5","2",9.94363534412517,1.28342257490345e-08
"418","nCon.5.1","nCon","12","5","2",1.43573399873261,4.56615044837706e-10
"419","Fm.5.1","Fm","13","5","2",3352.57553545182,1.86338020284135e-96
"420","Fo.5.1","Fo","14","5","2",3250.32802802689,1.45216837687574e-80
"421","Quant.6.1","Quant","1","6","2",0.0391094558288103,2.69644171254586e-84
"422","Sigma.6.1","Sigma","2","6","2",2.87149422076337,1.71490539440027e-28
"423","Connect.6.1","Connect","3","6","2",0.755557392708605,2.09474556307761e-25
"424","Tau1.6.1","Tau1","4","6","2",1515.72736503802,5.83549605905748e-12
"425","Tau2.6.1","Tau2","5","6","2",8832635.80128651,2.3638015523769e-06
"426","NPQ.6.1","NPQ","6","6","2",0.136749829821871,3.04091498707658e-97
"427","qP.6.1","qP","7","6","2",0.345346114355968,5.39288342509142e-84
"428","ABQ.6.1","ABQ","8","6","2",0.36475002041827,1.71490539440027e-28
"429","qm.6.1","qm","9","6","2",0.890402101768454,2.69644171254586e-84
"430","nTau1.6.1","nTau1","10","6","2",2.00824745356691,5.83549605905748e-12
"431","nTau2.6.1","nTau2","11","6","2",11.3174192192885,2.3638015523769e-06
"432","nCon.6.1","nCon","12","6","2",2.23007418366103,2.09474556307761e-25
"433","Fm.6.1","Fm","13","6","2",3290.05254151014,3.04091498707658e-97
"434","Fo.6.1","Fo","14","6","2",3161.38037696348,5.39288342509142e-84
"435","Quant.7.1","Quant","1","7","2",0.0400757164796936,2.88427260265795e-85
"436","Sigma.7.1","Sigma","2","7","2",3.16678254542639,1.55659869000965e-29
"437","Connect.7.1","Connect","3","7","2",0.508393092374526,3.93036119971855e-14
"438","Tau1.7.1","Tau1","4","7","2",1854.79256894279,3.05240239093736e-11
"439","Tau2.7.1","Tau2","5","7","2",10594643.1012897,0.000530903322157193
"440","NPQ.7.1","NPQ","6","7","2",0.16952624565919,5.79777289929065e-101
"441","qP.7.1","qP","7","7","2",0.40007327244423,5.7685452053159e-85
"442","ABQ.7.1","ABQ","8","7","2",0.299424483331506,1.55659869000965e-29
"443","qm.7.1","qm","9","7","2",0.887694313223807,2.88427260265795e-85
"444","nTau1.7.1","nTau1","10","7","2",2.45748842396913,3.05240239093736e-11
"445","nTau2.7.1","nTau2","11","7","2",13.5751116828087,0.000530903322157193
"446","nCon.7.1","nCon","12","7","2",1.50055352696851,3.93036119971855e-14
"447","Fm.7.1","Fm","13","7","2",3197.84757336393,5.79777289929065e-101
"448","Fo.7.1","Fo","14","7","2",3069.69154066852,5.7685452053159e-85
"449","Quant.8.1","Quant","1","8","2",0.0393709629719302,7.93568124443211e-79
"450","Sigma.8.1","Sigma","2","8","2",3.60518362701432,1.65218810565577e-24
"451","Connect.8.1","Connect","3","8","2",0.219042506893423,0.00614843626314903
"452","Tau1.8.1","Tau1","4","8","2",1092.57778011368,3.40713928780094e-15
"453","Tau2.8.1","Tau2","5","8","2",10032447.994827,3.30022656039277e-05
"454","NPQ.8.1","NPQ","6","8","2",0.204189226786647,4.41395119534526e-99
"455","qP.8.1","qP","7","8","2",0.451508294854836,1.58713624888642e-78
"456","ABQ.8.1","ABQ","8","8","2",0.202438643654871,1.65218810565577e-24
"457","qm.8.1","qm","9","8","2",0.889669270470982,7.93568124443211e-79
"458","nTau1.8.1","nTau1","10","8","2",1.44759974342883,3.40713928780094e-15
"459","nTau2.8.1","nTau2","11","8","2",12.854760720082,3.30022656039277e-05
"460","nCon.8.1","nCon","12","8","2",0.646517451171056,0.00614843626314903
"461","Fm.8.1","Fm","13","8","2",3105.7964840349,4.41395119534526e-99
"462","Fo.8.1","Fo","14","8","2",2983.51828566361,1.58713624888642e-78
"463","Quant.9.1","Quant","1","9","2",0.0506313147222399,8.23762440830389e-80
"464","Sigma.9.1","Sigma","2","9","2",3.76163991171055,3.66505285462021e-28
"465","Connect.9.1","Connect","3","9","2",0.439059812326921,3.36676742410509e-10
"466","Tau1.9.1","Tau1","4","9","2",1563.8636624941,1.1591780388527e-11
"467","Tau2.9.1","Tau2","5","9","2",12064036.4347721,0.00492735764903777
"468","NPQ.9.1","NPQ","6","9","2",0.220833018725669,3.38790696156928e-98
"469","qP.9.1","qP","7","9","2",0.496375889037916,1.64752488166078e-79
"470","ABQ.9.1","ABQ","8","9","2",0.167826402076933,3.66505285462021e-28
"471","qm.9.1","qm","9","9","2",0.858113963473518,8.23762440830389e-80
"472","nTau1.9.1","nTau1","10","9","2",2.07202514803894,1.1591780388527e-11
"473","nTau2.9.1","nTau2","11","9","2",15.4578724721335,0.00492735764903777
"474","nCon.9.1","nCon","12","9","2",1.29591208027653,3.36676742410509e-10
"475","Fm.9.1","Fm","13","9","2",3063.45471436423,3.38790696156928e-98
"476","Fo.9.1","Fo","14","9","2",2908.34797458393,1.64752488166078e-79
"477","Quant.10.1","Quant","1","10","2",0.0854016020872494,1.75209694593049e-74
"478","Sigma.10.1","Sigma","2","10","2",4.1125801287607,1.80958066618497e-32
"479","Connect.10.1","Connect","3","10","2",0.194771790493063,0.000503633249677597
"480","Tau1.10.1","Tau1","4","10","2",1641.49609162817,1.26738346828656e-18
"481","Tau2.10.1","Tau2","5","10","2",6204999.22707499,6.37242805756524e-07
"482","NPQ.10.1","NPQ","6","10","2",0.249589558377812,4.21719698881851e-96
"483","qP.10.1","qP","7","10","2",0.598439328323946,3.50419389186098e-74
"484","ABQ.10.1","ABQ","8","10","2",0.0901892039577428,1.80958066618497e-32
"485","qm.10.1","qm","9","10","2",0.760675880141643,1.75209694593049e-74
"486","nTau1.10.1","nTau1","10","10","2",2.17488344018228,1.26738346828656e-18
"487","nTau2.10.1","nTau2","11","10","2",7.95057999537809,6.37242805756524e-07
"488","nCon.10.1","nCon","12","10","2",0.574880936743784,0.000503633249677597
"489","Fm.10.1","Fm","13","10","2",2992.95608033233,4.21719698881851e-96
"490","Fo.10.1","Fo","14","10","2",2737.35283609518,3.50419389186098e-74
"491","Quant.11.1","Quant","1","11","2",0.0984019709165757,9.34786889150591e-78
"492","Sigma.11.1","Sigma","2","11","2",4.42428276733827,6.98063061384342e-39
"493","Connect.11.1","Connect","3","11","2",0.256039735455569,2.72304516134879e-09
"494","Tau1.11.1","Tau1","4","11","2",1644.59947209867,3.5882093393415e-18
"495","Tau2.11.1","Tau2","5","11","2",5507830.05697835,4.16661975556523e-05
"496","NPQ.11.1","NPQ","6","11","2",0.228931238526325,2.28954802272674e-100
"497","qP.11.1","qP","7","11","2",0.594588700924857,1.86957377830118e-77
"498","ABQ.11.1","ABQ","8","11","2",0.021232389293031,6.98063061384342e-39
"499","qm.11.1","qm","9","11","2",0.724244457874718,9.34786889150591e-78
"500","nTau1.11.1","nTau1","10","11","2",2.17899523236277,3.5882093393415e-18
"501","nTau2.11.1","nTau2","11","11","2",7.05728427456983,4.16661975556523e-05
"502","nCon.11.1","nCon","12","11","2",0.755717050142178,2.72304516134879e-09
"503","Fm.11.1","Fm","13","11","2",3043.26763729389,2.28954802272674e-100
"504","Fo.11.1","Fo","14","11","2",2743.80410375754,1.86957377830118e-77
"505","Quant.12.1","Quant","1","12","2",0.102318278818975,1.76681956103941e-73
"506","Sigma.12.1","Sigma","2","12","2",4.65390962676939,1.88921183312705e-35
"507","Connect.12.1","Connect","3","12","2",0.276263665593209,2.98447382585907e-08
"508","Tau1.12.1","Tau1","4","12","2",1602.92473993106,2.45250738369714e-20
"509","Tau2.12.1","Tau2","5","12","2",4626281.38134221,6.78424364233827e-08
"510","NPQ.12.1","NPQ","6","12","2",0.222677530572997,7.70749142602548e-97
"511","qP.12.1","qP","7","12","2",0.593362365014205,3.53363912207883e-73
"512","ABQ.12.1","ABQ","8","12","2",-0.0295671062136171,1.88921183312705e-35
"513","qm.12.1","qm","9","12","2",0.713269641022003,1.76681956103941e-73
"514","nTau1.12.1","nTau1","10","12","2",2.1237787226631,2.45250738369714e-20
"515","nTau2.12.1","nTau2","11","12","2",5.92773969140818,6.78424364233827e-08
"516","nCon.12.1","nCon","12","12","2",0.815409225650425,2.98447382585907e-08
"517","Fm.12.1","Fm","13","12","2",3058.83323537807,7.70749142602548e-97
"518","Fo.12.1","Fo","14","12","2",2745.85868353991,3.53363912207883e-73
"519","Quant.13.1","Quant","1","13","2",0.112043520547138,5.02990581712893e-74
"520","Sigma.13.1","Sigma","2","13","2",4.42632156663188,1.84733301553719e-37
"521","Connect.13.1","Connect","3","13","2",0.245676413843833,5.67391897219272e-08
"522","Tau1.13.1","Tau1","4","13","2",1558.90774275192,2.40302846150868e-19
"523","Tau2.13.1","Tau2","5","13","2",4125499.59610087,5.06460484298457e-08
"524","NPQ.13.1","NPQ","6","13","2",0.213577844280783,6.40339323899072e-97
"525","qP.13.1","qP","7","13","2",0.59896220682143,1.00598116342579e-73
"526","ABQ.13.1","ABQ","8","13","2",0.0207813533131311,1.84733301553719e-37
"527","qm.13.1","qm","9","13","2",0.686016230545879,5.02990581712893e-74
"528","nTau1.13.1","nTau1","10","13","2",2.06545885291762,2.40302846150868e-19
"529","nTau2.13.1","nTau2","11","13","2",5.28607875027276,5.06460484298457e-08
"530","nCon.13.1","nCon","12","13","2",0.725129068069157,5.67391897219272e-08
"531","Fm.13.1","Fm","13","13","2",3081.76907175092,6.40339323899072e-97
"532","Fo.13.1","Fo","14","13","2",2736.47681543866,1.00598116342579e-73
"533","Quant.14.1","Quant","1","14","2",0.118744683287639,1.27875158260267e-68
"534","Sigma.14.1","Sigma","2","14","2",4.55228295170001,2.69302760563678e-33
"535","Connect.14.1","Connect","3","14","2",0.214539490062963,7.61237873690854e-05
"536","Tau1.14.1","Tau1","4","14","2",1529.75530533516,4.16917035915677e-20
"537","Tau2.14.1","Tau2","5","14","2",3557633.21299702,3.20343776571281e-08
"538","NPQ.14.1","NPQ","6","14","2",0.202816395848105,3.90996044850951e-92
"539","qP.14.1","qP","7","14","2",0.596785558403978,2.55750316520533e-68
"540","ABQ.14.1","ABQ","8","14","2",-0.00708461511334946,2.69302760563678e-33
"541","qm.14.1","qm","9","14","2",0.66723731029495,1.27875158260267e-68
"542","nTau1.14.1","nTau1","10","14","2",2.02683362943885,4.16917035915677e-20
"543","nTau2.14.1","nTau2","11","14","2",4.55846107614752,3.20343776571281e-08
"544","nCon.14.1","nCon","12","14","2",0.633226519629506,7.61237873690854e-05
"545","Fm.14.1","Fm","13","14","2",3109.34127567293,3.90996044850951e-92
"546","Fo.14.1","Fo","14","14","2",2740.12353065997,2.55750316520533e-68
"547","Quant.15.1","Quant","1","15","2",0.121183905611715,7.91549279684195e-75
"548","Sigma.15.1","Sigma","2","15","2",4.64872729331981,4.22879073061186e-40
"549","Connect.15.1","Connect","3","15","2",0.260557981008774,5.93679940168144e-10
"550","Tau1.15.1","Tau1","4","15","2",1640.92988479701,1.50689432734944e-19
"551","Tau2.15.1","Tau2","5","15","2",3581069.66373659,1.96295557291626e-07
"552","NPQ.15.1","NPQ","6","15","2",0.199757035995804,3.68409104432193e-98
"553","qP.15.1","qP","7","15","2",0.597153502608736,1.58309855936839e-74
"554","ABQ.15.1","ABQ","8","15","2",-0.0284206378717251,4.22879073061186e-40
"555","qm.15.1","qm","9","15","2",0.660401785883452,7.91549279684195e-75
"556","nTau1.15.1","nTau1","10","15","2",2.17413325023843,1.50689432734944e-19
"557","nTau2.15.1","nTau2","11","15","2",4.58849063289583,1.96295557291626e-07
"558","nCon.15.1","nCon","12","15","2",0.76905293019693,5.93679940168144e-10
"559","Fm.15.1","Fm","13","15","2",3117.27004256531,3.68409104432193e-98
"560","Fo.15.1","Fo","14","15","2",2739.50708396085,1.58309855936839e-74
"561","Quant.16.1","Quant","1","16","2",0.0484521066819613,8.7632436025066e-86
"562","Sigma.16.1","Sigma","2","16","2",3.34298677469912,1.19198656353465e-32
"563","Connect.16.1","Connect","3","16","2",0.544275067951226,1.10390655083219e-17
"564","Tau1.16.1","Tau1","4","16","2",1603.04541044052,6.25598868473184e-12
"565","Tau2.16.1","Tau2","5","16","2",9752078.58771772,0.000116551172558731
"566","NPQ.16.1","NPQ","6","16","2",0.168851011105313,3.71837727779677e-101
"567","qP.16.1","qP","7","16","2",0.415012299343995,1.75264872050132e-85
"568","ABQ.16.1","ABQ","8","16","2",0.260443477471093,1.19198656353465e-32
"569","qm.16.1","qm","9","16","2",0.86422084008334,8.7632436025066e-86
"570","nTau1.16.1","nTau1","10","16","2",2.12393860381912,6.25598868473184e-12
"571","nTau2.16.1","nTau2","11","16","2",12.4955182257796,0.000116551172558731
"572","nCon.16.1","nCon","12","16","2",1.6064613880583,1.10390655083219e-17
"573","Fm.16.1","Fm","13","16","2",3199.69494070078,3.71837727779677e-101
"574","Fo.16.1","Fo","14","16","2",3044.66298008422,1.75264872050132e-85
"575","Quant.17.1","Quant","1","17","2",0.0488994628416549,1.29555298117326e-77
"576","Sigma.17.1","Sigma","2","17","2",3.48583030833575,3.66555455477418e-27
"577","Connect.17.1","Connect","3","17","2",0.414117038518966,1.90701100589134e-09
"578","Tau1.17.1","Tau1","4","17","2",1022.2639930899,3.08323688602295e-13
"579","Tau2.17.1","Tau2","5","17","2",8728730.57680963,3.89122508678091e-06
"580","NPQ.17.1","NPQ","6","17","2",0.213736274558213,7.3272923957866e-97
"581","qP.17.1","qP","7","17","2",0.483040623737965,2.59110596234651e-77
"582","ABQ.17.1","ABQ","8","17","2",0.228842734147318,3.66555455477418e-27
"583","qm.17.1","qm","9","17","2",0.862967197100478,1.29555298117326e-77
"584","nTau1.17.1","nTau1","10","17","2",1.35443821121778,3.08323688602295e-13
"585","nTau2.17.1","nTau2","11","17","2",11.1842835380564,3.89122508678091e-06
"586","nCon.17.1","nCon","12","17","2",1.2222919470149,1.90701100589134e-09
"587","Fm.17.1","Fm","13","17","2",3081.36680518012,7.3272923957866e-97
"588","Fo.17.1","Fo","14","17","2",2930.68962358871,2.59110596234651e-77
"589","Quant.18.1","Quant","1","18","2",0.0497845903285887,6.16641286222048e-82
"590","Sigma.18.1","Sigma","2","18","2",2.83638662633128,1.00146374223673e-30
"591","Connect.18.1","Connect","3","18","2",0.465795344685823,1.21325427010925e-13
"592","Tau1.18.1","Tau1","4","18","2",1218.14049490917,8.73439540127149e-12
"593","Tau2.18.1","Tau2","5","18","2",13016260.4465304,0.000210137820220388
"594","NPQ.18.1","NPQ","6","18","2",0.243013830492834,3.57210308986043e-97
"595","qP.18.1","qP","7","18","2",0.525831908349953,1.23328257244409e-81
"596","ABQ.18.1","ABQ","8","18","2",0.372516742874086,1.00146374223673e-30
"597","qm.18.1","qm","9","18","2",0.86048677107104,6.16641286222048e-82
"598","nTau1.18.1","nTau1","10","18","2",1.6139627768261,8.73439540127149e-12
"599","nTau2.18.1","nTau2","11","18","2",16.6779746674681,0.000210137820220388
"600","nCon.18.1","nCon","12","18","2",1.37482365082749,1.21325427010925e-13
"601","Fm.18.1","Fm","13","18","2",3008.7892627742,3.57210308986043e-97
"602","Fo.18.1","Fo","14","18","2",2858.99792194193,1.23328257244409e-81
"603","Quant.19.1","Quant","1","19","2",0.0483048830652155,2.11677626983179e-82
"604","Sigma.19.1","Sigma","2","19","2",3.07768472035277,5.00736742980021e-31
"605","Connect.19.1","Connect","3","19","2",0.36266843877095,7.61064360993424e-10
"606","Tau1.19.1","Tau1","4","19","2",1475.80477727613,7.97637049913424e-12
"607","Tau2.19.1","Tau2","5","19","2",9651969.43030745,0.000177801706966335
"608","NPQ.19.1","NPQ","6","19","2",0.276298247527747,1.1119722740095e-99
"609","qP.19.1","qP","7","19","2",0.567746804060778,4.23355253966357e-82
"610","ABQ.19.1","ABQ","8","19","2",0.319135263575998,5.00736742980021e-31
"611","qm.19.1","qm","9","19","2",0.864633410358826,2.11677626983179e-82
"612","nTau1.19.1","nTau1","10","19","2",1.9553524296583,7.97637049913424e-12
"613","nTau2.19.1","nTau2","11","19","2",12.3672465153195,0.000177801706966335
"614","nCon.19.1","nCon","12","19","2",1.07043823584645,7.61064360993424e-10
"615","Fm.19.1","Fm","13","19","2",2930.32343647824,1.1119722740095e-99
"616","Fo.19.1","Fo","14","19","2",2788.7745055359,4.23355253966357e-82
"617","Quant.20.1","Quant","1","20","2",0.0507627681098587,5.86120689086299e-81
"618","Sigma.20.1","Sigma","2","20","2",3.18516174363458,4.94947752357363e-28
"619","Connect.20.1","Connect","3","20","2",0.289062950870279,4.94906839617436e-05
"620","Tau1.20.1","Tau1","4","20","2",1167.5706804663,2.38539925161924e-13
"621","Tau2.20.1","Tau2","5","20","2",6904612.26064444,4.51479973729961e-07
"622","NPQ.20.1","NPQ","6","20","2",0.309339259494211,5.25920882924295e-97
"623","qP.20.1","qP","7","20","2",0.613942281503576,1.1722413781726e-80
"624","ABQ.20.1","ABQ","8","20","2",0.295358521714012,4.94947752357363e-28
"625","qm.20.1","qm","9","20","2",0.857745586703934,5.86120689086299e-81
"626","nTau1.20.1","nTau1","10","20","2",1.54696081893792,2.38539925161924e-13
"627","nTau2.20.1","nTau2","11","20","2",8.84700708354473,4.51479973729961e-07
"628","nCon.20.1","nCon","12","20","2",0.85318710452655,4.94906839617436e-05
"629","Fm.20.1","Fm","13","20","2",2856.377092146,5.25920882924295e-97
"630","Fo.20.1","Fo","14","20","2",2711.37948418308,1.1722413781726e-80
"631","Quant.21.1","Quant","1","21","2",0.0512801150302476,1.0128561687434e-79
"632","Sigma.21.1","Sigma","2","21","2",3.31096684347213,1.58819204439458e-29
"633","Connect.21.1","Connect","3","21","2",0.479797059607188,1.47254152972447e-13
"634","Tau1.21.1","Tau1","4","21","2",1279.67448617219,1.23872636597173e-11
"635","Tau2.21.1","Tau2","5","21","2",7921107.94877102,3.2384504794473e-05
"636","NPQ.21.1","NPQ","6","21","2",0.349823775513478,1.60543707263006e-97
"637","qP.21.1","qP","7","21","2",0.663336611766325,2.02571233748679e-79
"638","ABQ.21.1","ABQ","8","21","2",0.267527127687442,1.58819204439458e-29
"639","qm.21.1","qm","9","21","2",0.856295805981354,1.0128561687434e-79
"640","nTau1.21.1","nTau1","10","21","2",1.69549160853567,1.23872636597173e-11
"641","nTau2.21.1","nTau2","11","21","2",10.1494617636587,3.2384504794473e-05
"642","nCon.21.1","nCon","12","21","2",1.41615057486324,1.47254152972447e-13
"643","Fm.21.1","Fm","13","21","2",2770.70735788749,1.60543707263006e-97
"644","Fo.21.1","Fo","14","21","2",2628.62516585987,2.02571233748679e-79
"645","Quant.22.1","Quant","1","22","2",0.0527112898127904,1.02324895112105e-80
"646","Sigma.22.1","Sigma","2","22","2",3.09653279134573,1.96273167629751e-30
"647","Connect.22.1","Connect","3","22","2",0.496130036601394,1.09849173393115e-14
"648","Tau1.22.1","Tau1","4","22","2",1308.19950888225,3.85286573315331e-13
"649","Tau2.22.1","Tau2","5","22","2",10103125.6506572,0.000195026531295879
"650","NPQ.22.1","NPQ","6","22","2",0.382222504467285,6.4995503176792e-97
"651","qP.22.1","qP","7","22","2",0.702424031070411,2.0464979022421e-80
"652","ABQ.22.1","ABQ","8","22","2",0.314965574977337,1.96273167629751e-30
"653","qm.22.1","qm","9","22","2",0.852285171088983,1.02324895112105e-80
"654","nTau1.22.1","nTau1","10","22","2",1.73328554532257,3.85286573315331e-13
"655","nTau2.22.1","nTau2","11","22","2",12.9453213045397,0.000195026531295879
"656","nCon.22.1","nCon","12","22","2",1.46435836250268,1.09849173393115e-14
"657","Fm.22.1","Fm","13","22","2",2705.76311308726,6.4995503176792e-97
"658","Fo.22.1","Fo","14","22","2",2563.13884946856,2.0464979022421e-80
"659","Quant.23.1","Quant","1","23","2",0.191484600700919,7.72299800322731e-67
"660","Sigma.23.1","Sigma","2","23","2",4.86924590168531,1.16413968579798e-41
"661","Connect.23.1","Connect","3","23","2",0.23826354954395,3.63707954934763e-09
"662","Tau1.23.1","Tau1","4","23","2",1381.88239681053,2.15190476250009e-18
"663","Tau2.23.1","Tau2","5","23","2",1706260.11070875,1.06954013661785e-12
"664","NPQ.23.1","NPQ","6","23","2",0.464613733358398,1.08892570943886e-91
"665","qP.23.1","qP","7","23","2",1,1.54459960064546e-66
"666","ABQ.23.1","ABQ","8","23","2",-0.077205148893424,1.16413968579798e-41
"667","qm.23.1","qm","9","23","2",0.463395505363496,7.72299800322731e-67
"668","nTau1.23.1","nTau1","10","23","2",1.83091093328256,2.15190476250009e-18
"669","nTau2.23.1","nTau2","11","23","2",2.18626256131017,1.06954013661785e-12
"670","nCon.23.1","nCon","12","23","2",0.703249542487537,3.63707954934763e-09
"671","Fm.23.1","Fm","13","23","2",2553.55154842828,1.08892570943886e-91
"672","Fo.23.1","Fo","14","23","2",2064.58574980828,1.54459960064546e-66
"673","Quant.24.1","Quant","1","24","2",0.202189924257766,4.69796273096057e-67
"674","Sigma.24.1","Sigma","2","24","2",5.10434094222549,1.99458475387784e-43
"675","Connect.24.1","Connect","3","24","2",0.241745033170211,4.85157688062424e-10
"676","Tau1.24.1","Tau1","4","24","2",1345.20712021312,4.88255813375877e-19
"677","Tau2.24.1","Tau2","5","24","2",1768451.9085238,2.44307587267164e-11
"678","NPQ.24.1","NPQ","6","24","2",0.400617279257592,3.07063005085827e-92
"679","qP.24.1","qP","7","24","2",0.960756033897356,9.39592546192113e-67
"680","ABQ.24.1","ABQ","8","24","2",-0.129214349755829,1.99458475387784e-43
"681","qm.24.1","qm","9","24","2",0.433395574736622,4.69796273096057e-67
"682","nTau1.24.1","nTau1","10","24","2",1.78231840105381,4.88255813375877e-19
"683","nTau2.24.1","nTau2","11","24","2",2.26595005932425,2.44307587267164e-11
"684","nCon.24.1","nCon","12","24","2",0.713525355854843,4.85157688062424e-10
"685","Fm.24.1","Fm","13","24","2",2670.22742190434,3.07063005085827e-92
"686","Fo.24.1","Fo","14","24","2",2130.33434171849,9.39592546192113e-67
"687","Quant.25.1","Quant","1","25","2",0.20670101525994,2.72063223109313e-65
"688","Sigma.25.1","Sigma","2","25","2",5.09557118742684,3.59748919604811e-42
"689","Connect.25.1","Connect","3","25","2",0.267084303525837,6.6785908595087e-11
"690","Tau1.25.1","Tau1","4","25","2",1533.84420433999,1.61008635022178e-18
"691","Tau2.25.1","Tau2","5","25","2",1578841.75245766,9.36641228344687e-12
"692","NPQ.25.1","NPQ","6","25","2",0.380520179679547,6.30200513165116e-91
"693","qP.25.1","qP","7","25","2",0.949539706677443,5.44126446218627e-65
"694","ABQ.25.1","ABQ","8","25","2",-0.127274249540235,3.59748919604811e-42
"695","qm.25.1","qm","9","25","2",0.420753974844933,2.72063223109313e-65
"696","nTau1.25.1","nTau1","10","25","2",2.0322511743112,1.61008635022178e-18
"697","nTau2.25.1","nTau2","11","25","2",2.02299906794265,9.36641228344687e-12
"698","nCon.25.1","nCon","12","25","2",0.788315773099403,6.6785908595087e-11
"699","Fm.25.1","Fm","13","25","2",2709.09960007597,6.30200513165116e-91
"700","Fo.25.1","Fo","14","25","2",2149.12596229997,5.44126446218627e-65
"701","Quant.26.1","Quant","1","26","2",0.212544559070186,1.04236310356841e-62
"702","Sigma.26.1","Sigma","2","26","2",5.31855251917128,7.92486339082082e-41
"703","Connect.26.1","Connect","3","26","2",0.286256856056067,9.01664551345271e-11
"704","Tau1.26.1","Tau1","4","26","2",1554.17635146,1.10920185966658e-18
"705","Tau2.26.1","Tau2","5","26","2",1555621.14767047,1.80983427562528e-11
"706","NPQ.26.1","NPQ","6","26","2",0.367866706335043,6.79159537752903e-89
"707","qP.26.1","qP","7","26","2",0.947209884190841,2.08472620713681e-62
"708","ABQ.26.1","ABQ","8","26","2",-0.176603579689508,7.92486339082082e-41
"709","qm.26.1","qm","9","26","2",0.404378392360987,1.04236310356841e-62
"710","nTau1.26.1","nTau1","10","26","2",2.05919004446764,1.10920185966658e-18
"711","nTau2.26.1","nTau2","11","26","2",1.9932460785956,1.80983427562528e-11
"712","nCon.26.1","nCon","12","26","2",0.844904742839049,9.01664551345271e-11
"713","Fm.26.1","Fm","13","26","2",2734.16017024586,6.79159537752903e-89
"714","Fo.26.1","Fo","14","26","2",2153.02930243369,2.08472620713681e-62
"715","Quant.27.1","Quant","1","27","2",0.219095650255653,1.02412161972841e-64
"716","Sigma.27.1","Sigma","2","27","2",5.2291675829179,5.79903338662331e-43
"717","Connect.27.1","Connect","3","27","2",0.260171794551173,6.95163281831275e-11
"718","Tau1.27.1","Tau1","4","27","2",1640.55599086956,1.28400347617414e-18
"719","Tau2.27.1","Tau2","5","27","2",1528838.80668466,3.29336235712471e-11
"720","NPQ.27.1","NPQ","6","27","2",0.35584661869887,8.6301021178853e-91
"721","qP.27.1","qP","7","27","2",0.946602927514817,2.04824323945683e-64
"722","ABQ.27.1","ABQ","8","27","2",-0.156829282907263,5.79903338662331e-43
"723","qm.27.1","qm","9","27","2",0.386020023270065,1.02412161972841e-64
"724","nTau1.27.1","nTau1","10","27","2",2.17363786330735,1.28400347617414e-18
"725","nTau2.27.1","nTau2","11","27","2",1.95892937094122,3.29336235712471e-11
"726","nCon.27.1","nCon","12","27","2",0.767913077079901,6.95163281831275e-11
"727","Fm.27.1","Fm","13","27","2",2758.39952328509,8.6301021178853e-91
"728","Fo.27.1","Fo","14","27","2",2154.04618606606,2.04824323945683e-64
"729","Quant.1.2","Quant","1","1","3",0.355247458932402,2.78722461969568e-71
"730","Sigma.1.2","Sigma","2","1","3",4.06216210009402,4.94079412293453e-59
"731","Connect.1.2","Connect","3","1","3",0.33627305281546,2.211569056012e-25
"732","Tau1.1.2","Tau1","4","1","3",698.547646598759,5.88649728619927e-28
"733","Tau2.1.2","Tau2","5","1","3",959047.787894963,7.11688506546384e-24
"734","NPQ.1.2","NPQ","6","1","3",0.835190656327356,6.31739430951617e-102
"735","qP.1.2","qP","7","1","3",1.38982082527697,5.57444923939135e-71
"736","ABQ.1.2","ABQ","8","1","3",0,4.94079412293453e-59
"737","qm.1.2","qm","9","1","3",0,2.78722461969568e-71
"738","nTau1.1.2","nTau1","10","1","3",1,5.88649728619927e-28
"739","nTau2.1.2","nTau2","11","1","3",1,7.11688506546384e-24
"740","nCon.1.2","nCon","12","1","3",1,2.211569056012e-25
"741","Fm.1.2","Fm","13","1","3",1742.82848378293,6.31739430951617e-102
"742","Fo.1.2","Fo","14","1","3",1123.69309356403,5.57444923939135e-71
"743","Quant.3.2","Quant","1","3","3",0.0374047670553586,3.21521492223364e-99
"744","Sigma.3.2","Sigma","2","3","3",2.6260040804608,4.88518264922479e-33
"745","Connect.3.2","Connect","3","3","3",0.618964679896196,1.87842117050085e-19
"746","Tau1.3.2","Tau1","4","3","3",2498.73449200604,8.77635671709262e-05
"747","Tau2.3.2","Tau2","5","3","3",4402308.59239074,4.36710041080841e-11
"748","NPQ.3.2","NPQ","6","3","3",0.0893232048529066,3.00506200116236e-111
"749","qP.3.2","qP","7","3","3",0.249257887685546,6.43042984446427e-99
"750","ABQ.3.2","ABQ","8","3","3",0.353545226469416,4.88518264922479e-33
"751","qm.3.2","qm","9","3","3",0.894707854722541,3.21521492223364e-99
"752","nTau1.3.2","nTau1","10","3","3",3.57704231654407,8.77635671709262e-05
"753","nTau2.3.2","nTau2","11","3","3",4.59029117000882,4.36710041080841e-11
"754","nCon.3.2","nCon","12","3","3",1.84066095904471,1.87842117050085e-19
"755","Fm.3.2","Fm","13","3","3",2936.15571096872,3.00506200116236e-111
"756","Fo.3.2","Fo","14","3","3",2826.32949056167,6.43042984446427e-99
"757","Quant.4.2","Quant","1","4","3",0.0384991719310562,3.16957459782056e-91
"758","Sigma.4.2","Sigma","2","4","3",2.86738577418484,6.04537755582352e-27
"759","Connect.4.2","Connect","3","4","3",0.426802944328101,2.3150439478361e-08
"760","Tau1.4.2","Tau1","4","4","3",3900.47631335335,1.08374271583765e-07
"761","Tau2.4.2","Tau2","5","4","3",6619956.67799656,1.57313035417573e-05
"762","NPQ.4.2","NPQ","6","4","3",0.123477555807904,6.39161147460676e-110
"763","qP.4.2","qP","7","4","3",0.308902484295158,6.33914919564113e-91
"764","ABQ.4.2","ABQ","8","4","3",0.294123251723885,6.04537755582352e-27
"765","qm.4.2","qm","9","4","3",0.891627171530643,3.16957459782056e-91
"766","nTau1.4.2","nTau1","10","4","3",5.58369401478173,1.08374271583765e-07
"767","nTau2.4.2","nTau2","11","4","3",6.90263484422071,1.57313035417573e-05
"768","nCon.4.2","nCon","12","4","3",1.26921542108318,2.3150439478361e-08
"769","Fm.4.2","Fm","13","4","3",2846.89492236415,6.39161147460676e-110
"770","Fo.4.2","Fo","14","4","3",2737.2918252784,6.33914919564113e-91
"771","Quant.5.2","Quant","1","5","3",0.0421917166789954,2.96597851802289e-98
"772","Sigma.5.2","Sigma","2","5","3",2.935680647694,1.62689483101248e-33
"773","Connect.5.2","Connect","3","5","3",0.471830499157319,2.39455612127257e-13
"774","Tau1.5.2","Tau1","4","5","3",1734.57926155273,9.42503903641499e-11
"775","Tau2.5.2","Tau2","5","5","3",9347465.20043897,1.71801590773611e-08
"776","NPQ.5.2","NPQ","6","5","3",0.136574224989071,5.74530243640174e-115
"777","qP.5.2","qP","7","5","3",0.336992440430124,5.93195703604578e-98
"778","ABQ.5.2","ABQ","8","5","3",0.277310807555895,1.62689483101248e-33
"779","qm.5.2","qm","9","5","3",0.881232882549559,2.96597851802289e-98
"780","nTau1.5.2","nTau1","10","5","3",2.48312233245423,9.42503903641499e-11
"781","nTau2.5.2","nTau2","11","5","3",9.74661045927226,1.71801590773611e-08
"782","nCon.5.2","nCon","12","5","3",1.40311718470124,2.39455612127257e-13
"783","Fm.5.2","Fm","13","5","3",2814.0903415704,5.74530243640174e-115
"784","Fo.5.2","Fo","14","5","3",2695.35903916976,5.93195703604578e-98
"785","Quant.6.2","Quant","1","6","3",0.0396394724170028,1.10440310255599e-92
"786","Sigma.6.2","Sigma","2","6","3",2.80200492431189,6.54319894653078e-28
"787","Connect.6.2","Connect","3","6","3",0.514032273069144,1.10522425720035e-11
"788","Tau1.6.2","Tau1","4","6","3",993.541532600617,4.46926260026429e-10
"789","Tau2.6.2","Tau2","5","6","3",7645763.09057624,1.68982034553736e-07
"790","NPQ.6.2","NPQ","6","6","3",0.168321387953552,2.12894544586151e-109
"791","qP.6.2","qP","7","6","3",0.381375209339276,2.20880620511198e-92
"792","ABQ.6.2","ABQ","8","6","3",0.310218338099545,6.54319894653078e-28
"793","qm.6.2","qm","9","6","3",0.888417294986069,1.10440310255599e-92
"794","nTau1.6.2","nTau1","10","6","3",1.42229601293224,4.46926260026429e-10
"795","nTau2.6.2","nTau2","11","6","3",7.97224412284826,1.68982034553736e-07
"796","nCon.6.2","nCon","12","6","3",1.52861571501311,1.10522425720035e-11
"797","Fm.6.2","Fm","13","6","3",2737.6221834148,2.12894544586151e-109
"798","Fo.6.2","Fo","14","6","3",2629.10428438715,2.20880620511198e-92
"799","Quant.7.2","Quant","1","7","3",0.0437864872294206,4.43677113824925e-94
"800","Sigma.7.2","Sigma","2","7","3",3.25324765717756,6.76032598870778e-30
"801","Connect.7.2","Connect","3","7","3",0.355933041601343,9.85664436586822e-07
"802","Tau1.7.2","Tau1","4","7","3",1726.12219611535,4.05455527530472e-11
"803","Tau2.7.2","Tau2","5","7","3",9023367.6231318,3.9701946810978e-05
"804","NPQ.7.2","NPQ","6","7","3",0.204629635971493,2.68852341195646e-113
"805","qP.7.2","qP","7","7","3",0.441834289536173,8.8735422764985e-94
"806","ABQ.7.2","ABQ","8","7","3",0.199133964372749,6.76032598870778e-30
"807","qm.7.2","qm","9","7","3",0.876743700402506,4.43677113824925e-94
"808","nTau1.7.2","nTau1","10","7","3",2.47101569165664,4.05455527530472e-11
"809","nTau2.7.2","nTau2","11","7","3",9.40867362088119,3.9701946810978e-05
"810","nCon.7.2","nCon","12","7","3",1.05846435990419,9.85664436586822e-07
"811","Fm.7.2","Fm","13","7","3",2655.10863547715,2.68852341195646e-113
"812","Fo.7.2","Fo","14","7","3",2538.85075511711,8.8735422764985e-94
"813","Quant.8.2","Quant","1","8","3",0.0478401949116032,5.93635769992542e-87
"814","Sigma.8.2","Sigma","2","8","3",3.59772198041156,1.23197589943429e-27
"815","Connect.8.2","Connect","3","8","3",0.210276858574305,0.00629323126207298
"816","Tau1.8.2","Tau1","4","8","3",1494.0845853078,9.52447462301798e-11
"817","Tau2.8.2","Tau2","5","8","3",11893166.0828482,0.00421799919205754
"818","NPQ.8.2","NPQ","6","8","3",0.236035080566132,4.667620443625e-111
"819","qP.8.2","qP","7","8","3",0.492073471960292,1.18727153998508e-86
"820","ABQ.8.2","ABQ","8","8","3",0.114333231475845,1.23197589943429e-27
"821","qm.8.2","qm","9","8","3",0.865332759718047,5.93635769992542e-87
"822","nTau1.8.2","nTau1","10","8","3",2.1388442042322,9.52447462301798e-11
"823","nTau2.8.2","nTau2","11","8","3",12.4010150828384,0.00421799919205754
"824","nCon.8.2","nCon","12","8","3",0.62531581645854,0.00629323126207298
"825","Fm.8.2","Fm","13","8","3",2587.64706544952,4.667620443625e-111
"826","Fo.8.2","Fo","14","8","3",2463.85352547597,1.18727153998508e-86
"827","Quant.9.2","Quant","1","9","3",0.0516642448215293,1.7886346797791e-89
"828","Sigma.9.2","Sigma","2","9","3",3.47046124796173,7.29462935681679e-31
"829","Connect.9.2","Connect","3","9","3",0.289832860280526,1.14248707450306e-05
"830","Tau1.9.2","Tau1","4","9","3",1059.63398084341,4.17495556937836e-10
"831","Tau2.9.2","Tau2","5","9","3",8283130.21849137,0.000125124392090599
"832","NPQ.9.2","NPQ","6","9","3",0.258092727935708,4.03612163511655e-112
"833","qP.9.2","qP","7","9","3",0.52752326768447,3.57726935955819e-89
"834","ABQ.9.2","ABQ","8","9","3",0.145661555977441,7.29462935681679e-31
"835","qm.9.2","qm","9","9","3",0.854568291700687,1.7886346797791e-89
"836","nTau1.9.2","nTau1","10","9","3",1.51691010055332,4.17495556937836e-10
"837","nTau2.9.2","nTau2","11","9","3",8.63682740635085,0.000125124392090599
"838","nCon.9.2","nCon","12","9","3",0.861897371359044,1.14248707450306e-05
"839","Fm.9.2","Fm","13","9","3",2542.27886228038,4.03612163511655e-112
"840","Fo.9.2","Fo","14","9","3",2410.93394473492,3.57726935955819e-89
"841","Quant.10.2","Quant","1","10","3",0.0892249972337242,3.62118711804402e-86
"842","Sigma.10.2","Sigma","2","10","3",4.15586794460995,3.7322589313809e-38
"843","Connect.10.2","Connect","3","10","3",0.113776321728174,0.0220835255829169
"844","Tau1.10.2","Tau1","4","10","3",1430.22279818276,2.22665097292802e-20
"845","Tau2.10.2","Tau2","5","10","3",5003460.49877302,1.54461338890839e-08
"846","NPQ.10.2","NPQ","6","10","3",0.294422745692006,1.216626380706e-112
"847","qP.10.2","qP","7","10","3",0.63502334666315,7.24237423608803e-86
"848","ABQ.10.2","ABQ","8","10","3",-0.0230679727216616,3.7322589313809e-38
"849","qm.10.2","qm","9","10","3",0.748837057126699,3.62118711804402e-86
"850","nTau1.10.2","nTau1","10","10","3",2.04742340074659,2.22665097292802e-20
"851","nTau2.10.2","nTau2","11","10","3",5.2171128091075,1.54461338890839e-08
"852","nCon.10.2","nCon","12","10","3",0.33834504660893,0.0220835255829169
"853","Fm.10.2","Fm","13","10","3",2470.92579272447,1.216626380706e-112
"854","Fo.10.2","Fo","14","10","3",2250.45744570389,7.24237423608803e-86
"855","Quant.11.2","Quant","1","11","3",0.0977662421548115,2.32362509310756e-86
"856","Sigma.11.2","Sigma","2","11","3",4.09866914351575,3.34653103193284e-40
"857","Connect.11.2","Connect","3","11","3",0.0998743754842353,0.0273958240150964
"858","Tau1.11.2","Tau1","4","11","3",1554.15284410834,2.77047456942015e-20
"859","Tau2.11.2","Tau2","5","11","3",6121275.85503149,2.97819824280781e-05
"860","NPQ.11.2","NPQ","6","11","3",0.275088485282073,8.45213596104796e-113
"861","qP.11.2","qP","7","11","3",0.626516496627139,4.64725018621511e-86
"862","ABQ.11.2","ABQ","8","11","3",-0.00898709665497899,3.34653103193284e-40
"863","qm.11.2","qm","9","11","3",0.724793971929818,2.32362509310756e-86
"864","nTau1.11.2","nTau1","10","11","3",2.22483441419571,2.77047456942015e-20
"865","nTau2.11.2","nTau2","11","11","3",6.38265989692466,2.97819824280781e-05
"866","nCon.11.2","nCon","12","11","3",0.29700380285614,0.0273958240150964
"867","Fm.11.2","Fm","13","11","3",2508.3926221105,8.45213596104796e-113
"868","Fo.11.2","Fo","14","11","3",2263.1565015979,4.64725018621511e-86
"869","Quant.12.2","Quant","1","12","3",0.105549803541086,2.7677793739793e-83
"870","Sigma.12.2","Sigma","2","12","3",4.18376772265106,1.78009638776255e-39
"871","Connect.12.2","Connect","3","12","3",0.200578106748078,1.98587181380665e-05
"872","Tau1.12.2","Tau1","4","12","3",1310.59837898078,4.67694068952855e-18
"873","Tau2.12.2","Tau2","5","12","3",4138053.23757599,7.87900925546315e-07
"874","NPQ.12.2","NPQ","6","12","3",0.264390096528812,6.52529134357447e-110
"875","qP.12.2","qP","7","12","3",0.626878348412606,5.5355587479586e-83
"876","ABQ.12.2","ABQ","8","12","3",-0.02993618165908,1.78009638776255e-39
"877","qm.12.2","qm","9","12","3",0.702883719820862,2.7677793739793e-83
"878","nTau1.12.2","nTau1","10","12","3",1.87617607096969,4.67694068952855e-18
"879","nTau2.12.2","nTau2","11","12","3",4.31475187139392,7.87900925546315e-07
"880","nCon.12.2","nCon","12","12","3",0.596473922215085,1.98587181380665e-05
"881","Fm.12.2","Fm","13","12","3",2529.6168941851,6.52529134357447e-110
"882","Fo.12.2","Fo","14","12","3",2262.61632796965,5.5355587479586e-83
"883","Quant.13.2","Quant","1","13","3",0.112009491914684,2.65521530403722e-88
"884","Sigma.13.2","Sigma","2","13","3",3.8716888461324,1.59261782791768e-45
"885","Connect.13.2","Connect","3","13","3",0.249220618881475,7.50706463852015e-11
"886","Tau1.13.2","Tau1","4","13","3",1534.43760397494,9.62754612892579e-20
"887","Tau2.13.2","Tau2","5","13","3",4232341.23749816,2.06764322186647e-07
"888","NPQ.13.2","NPQ","6","13","3",0.253374748631274,1.22864095523117e-113
"889","qP.13.2","qP","7","13","3",0.624600103217782,5.31043060807443e-88
"890","ABQ.13.2","ABQ","8","13","3",0.046889624113524,1.59261782791768e-45
"891","qm.13.2","qm","9","13","3",0.68470008975913,2.65521530403722e-88
"892","nTau1.13.2","nTau1","10","13","3",2.19661122823353,9.62754612892579e-20
"893","nTau2.13.2","nTau2","11","13","3",4.41306605459966,2.06764322186647e-07
"894","nCon.13.2","nCon","12","13","3",0.741125751215763,7.50706463852015e-11
"895","Fm.13.2","Fm","13","13","3",2551.84856126421,1.22864095523117e-113
"896","Fo.13.2","Fo","14","13","3",2266.01730047379,5.31043060807443e-88
"897","Quant.14.2","Quant","1","14","3",0.121556146764285,7.88642539613237e-86
"898","Sigma.14.2","Sigma","2","14","3",4.24593764824518,8.74694287108124e-45
"899","Connect.14.2","Connect","3","14","3",0.194076650170339,3.60640686983349e-07
"900","Tau1.14.2","Tau1","4","14","3",1417.35495096614,6.37497302478255e-21
"901","Tau2.14.2","Tau2","5","14","3",3286052.97866054,2.86986633701147e-10
"902","NPQ.14.2","NPQ","6","14","3",0.241896984995443,8.45115222144791e-113
"903","qP.14.2","qP","7","14","3",0.627041122203976,1.57728507922647e-85
"904","ABQ.14.2","ABQ","8","14","3",-0.0452408209280741,8.74694287108124e-45
"905","qm.14.2","qm","9","14","3",0.657826836736318,7.88642539613237e-86
"906","nTau1.14.2","nTau1","10","14","3",2.02900254244255,6.37497302478255e-21
"907","nTau2.14.2","nTau2","11","14","3",3.42637042714334,2.86986633701147e-10
"908","nCon.14.2","nCon","12","14","3",0.577140060868466,3.60640686983349e-07
"909","Fm.14.2","Fm","13","14","3",2575.43305738144,8.45115222144791e-113
"910","Fo.14.2","Fo","14","14","3",2262.37333867679,1.57728507922647e-85
"911","Quant.15.2","Quant","1","15","3",0.121503426994421,8.38086061009657e-87
"912","Sigma.15.2","Sigma","2","15","3",4.23718003262774,3.85322256668943e-46
"913","Connect.15.2","Connect","3","15","3",0.24117132353641,1.62061939040729e-10
"914","Tau1.15.2","Tau1","4","15","3",1503.35186414829,2.05416180940954e-19
"915","Tau2.15.2","Tau2","5","15","3",4058805.92620472,2.75525423211456e-07
"916","NPQ.15.2","NPQ","6","15","3",0.243501742559961,1.41419360706008e-113
"917","qP.15.2","qP","7","15","3",0.628906086661635,1.67617212201931e-86
"918","ABQ.15.2","ABQ","8","15","3",-0.0430849208429362,3.85322256668943e-46
"919","qm.15.2","qm","9","15","3",0.657975239683442,8.38086061009657e-87
"920","nTau1.15.2","nTau1","10","15","3",2.15211069920303,2.05416180940954e-19
"921","nTau2.15.2","nTau2","11","15","3",4.23212062780885,2.75525423211456e-07
"922","nCon.15.2","nCon","12","15","3",0.717188967469123,1.62061939040729e-10
"923","Fm.15.2","Fm","13","15","3",2572.10942256913,1.41419360706008e-113
"924","Fo.15.2","Fo","14","15","3",2259.58931312234,1.67617212201931e-86
"925","Quant.16.2","Quant","1","16","3",0.04841447468859,8.16539215038259e-95
"926","Sigma.16.2","Sigma","2","16","3",2.91701933728381,3.19233929520042e-32
"927","Connect.16.2","Connect","3","16","3",0.319586425081303,1.63445599777645e-06
"928","Tau1.16.2","Tau1","4","16","3",1239.65212823472,8.08704909856733e-14
"929","Tau2.16.2","Tau2","5","16","3",8309058.10684044,5.1033034979241e-06
"930","NPQ.16.2","NPQ","6","16","3",0.204603863251475,3.07809741203381e-112
"931","qP.16.2","qP","7","16","3",0.45002944236049,1.63307843007652e-94
"932","ABQ.16.2","ABQ","8","16","3",0.281904742989873,3.19233929520042e-32
"933","qm.16.2","qm","9","16","3",0.863716197058562,8.16539215038259e-95
"934","nTau1.16.2","nTau1","10","16","3",1.77461356325601,8.08704909856733e-14
"935","nTau2.16.2","nTau2","11","16","3",8.66386243909513,5.1033034979241e-06
"936","nCon.16.2","nCon","12","16","3",0.95037774334147,1.63445599777645e-06
"937","Fm.16.2","Fm","13","16","3",2655.16544201212,3.07809741203381e-112
"938","Fo.16.2","Fo","14","16","3",2526.6170019258,1.63307843007652e-94
"939","Quant.17.2","Quant","1","17","3",0.0519929097342798,1.38536919907941e-93
"940","Sigma.17.2","Sigma","2","17","3",3.1964350811989,3.82786749648434e-33
"941","Connect.17.2","Connect","3","17","3",0.518882580619701,4.70649132890909e-15
"942","Tau1.17.2","Tau1","4","17","3",1145.37278220669,6.25169335476729e-17
"943","Tau2.17.2","Tau2","5","17","3",11150207.787998,2.6509336525431e-08
"944","NPQ.17.2","NPQ","6","17","3",0.245951341050407,2.22016810555414e-111
"945","qP.17.2","qP","7","17","3",0.512350434010681,2.77073839815882e-93
"946","ABQ.17.2","ABQ","8","17","3",0.213119761733555,3.82786749648434e-33
"947","qm.17.2","qm","9","17","3",0.853643119952131,1.38536919907941e-93
"948","nTau1.17.2","nTau1","10","17","3",1.63964875951345,6.25169335476729e-17
"949","nTau2.17.2","nTau2","11","17","3",11.6263317936136,2.6509336525431e-08
"950","nCon.17.2","nCon","12","17","3",1.54303943261387,4.70649132890909e-15
"951","Fm.17.2","Fm","13","17","3",2567.05253539288,2.22016810555414e-111
"952","Fo.17.2","Fo","14","17","3",2433.58400463705,2.77073839815882e-93
"953","Quant.18.2","Quant","1","18","3",0.0510732777850976,5.60655728547682e-88
"954","Sigma.18.2","Sigma","2","18","3",3.1489881171119,7.67284741593027e-27
"955","Connect.18.2","Connect","3","18","3",0.33275507747076,7.7957214645366e-05
"956","Tau1.18.2","Tau1","4","18","3",1254.02792141749,4.88928358437909e-12
"957","Tau2.18.2","Tau2","5","18","3",12213032.3296755,7.27841317572433e-06
"958","NPQ.18.2","NPQ","6","18","3",0.274300407134576,1.16315822902751e-106
"959","qP.18.2","qP","7","18","3",0.547071114695466,1.12131145709536e-87
"960","ABQ.18.2","ABQ","8","18","3",0.224799985938764,7.67284741593027e-27
"961","qm.18.2","qm","9","18","3",0.856231827981024,5.60655728547682e-88
"962","nTau1.18.2","nTau1","10","18","3",1.79519310890728,4.88928358437909e-12
"963","nTau2.18.2","nTau2","11","18","3",12.7345399090928,7.27841317572433e-06
"964","nCon.18.2","nCon","12","18","3",0.989538337029254,7.7957214645366e-05
"965","Fm.18.2","Fm","13","18","3",2509.94391205733,1.16315822902751e-106
"966","Fo.18.2","Fo","14","18","3",2381.75284941181,1.12131145709536e-87
"967","Quant.19.2","Quant","1","19","3",0.0489772286269537,7.46075646236795e-93
"968","Sigma.19.2","Sigma","2","19","3",3.04222561474857,8.17455802190105e-33
"969","Connect.19.2","Connect","3","19","3",0.432871309599193,6.11157580989013e-12
"970","Tau1.19.2","Tau1","4","19","3",817.05732315524,2.69446527465591e-13
"971","Tau2.19.2","Tau2","5","19","3",9510251.23505341,4.75770666098644e-06
"972","NPQ.19.2","NPQ","6","19","3",0.314417096140358,2.4488167804627e-112
"973","qP.19.2","qP","7","19","3",0.592349630764322,1.49215129247359e-92
"974","ABQ.19.2","ABQ","8","19","3",0.251082172550878,8.17455802190105e-33
"975","qm.19.2","qm","9","19","3",0.862132078934101,7.46075646236795e-93
"976","nTau1.19.2","nTau1","10","19","3",1.16965152933162,2.69446527465591e-13
"977","nTau2.19.2","nTau2","11","19","3",9.91634760550118,4.75770666098644e-06
"978","nCon.19.2","nCon","12","19","3",1.2872613668415,6.11157580989013e-12
"979","Fm.19.2","Fm","13","19","3",2433.33912683533,2.4488167804627e-112
"980","Fo.19.2","Fo","14","19","3",2314.1609200934,1.49215129247359e-92
"981","Quant.20.2","Quant","1","20","3",0.0524757495940742,4.99299526275898e-93
"982","Sigma.20.2","Sigma","2","20","3",3.0386880461355,2.16885396775155e-30
"983","Connect.20.2","Connect","3","20","3",0.24829560765221,0.000998080800206303
"984","Tau1.20.2","Tau1","4","20","3",1177.17649652131,1.03725067029504e-11
"985","Tau2.20.2","Tau2","5","20","3",9844133.71375155,0.000779334152293568
"986","NPQ.20.2","NPQ","6","20","3",0.344326168095062,2.08715433678694e-110
"987","qP.20.2","qP","7","20","3",0.632415186899357,9.98599052551796e-93
"988","ABQ.20.2","ABQ","8","20","3",0.251953031104995,2.16885396775155e-30
"989","qm.20.2","qm","9","20","3",0.85228395510055,4.99299526275898e-93
"990","nTau1.20.2","nTau1","10","20","3",1.68517709887507,1.03725067029504e-11
"991","nTau2.20.2","nTau2","11","20","3",10.2644871694649,0.000779334152293568
"992","nCon.20.2","nCon","12","20","3",0.738374977041261,0.000998080800206303
"993","Fm.20.2","Fm","13","20","3",2379.20128680664,2.08715433678694e-110
"994","Fo.20.2","Fo","14","20","3",2254.35091584627,9.98599052551796e-93
"995","Quant.21.2","Quant","1","21","3",0.0498874471804885,1.06119937319451e-86
"996","Sigma.21.2","Sigma","2","21","3",3.13536664050374,6.02705267144617e-28
"997","Connect.21.2","Connect","3","21","3",0.481750805456908,5.20526356647239e-11
"998","Tau1.21.2","Tau1","4","21","3",943.473604557441,2.67634518239037e-10
"999","Tau2.21.2","Tau2","5","21","3",9431739.45762822,0.000283720858470876
"1000","NPQ.21.2","NPQ","6","21","3",0.392021892956061,6.33616321349255e-107
"1001","qP.21.2","qP","7","21","3",0.680174421481865,2.12239874638901e-86
"1002","ABQ.21.2","ABQ","8","21","3",0.228153243704584,6.02705267144617e-28
"1003","qm.21.2","qm","9","21","3",0.859569869041678,1.06119937319451e-86
"1004","nTau1.21.2","nTau1","10","21","3",1.35062169223707,2.67634518239037e-10
"1005","nTau2.21.2","nTau2","11","21","3",9.83448330383012,0.000283720858470876
"1006","nCon.21.2","nCon","12","21","3",1.43261793183673,5.20526356647239e-11
"1007","Fm.21.2","Fm","13","21","3",2297.6812111967,6.33616321349255e-107
"1008","Fo.21.2","Fo","14","21","3",2183.05576113552,2.12239874638901e-86
"1009","Quant.22.2","Quant","1","22","3",0.0565010398659602,2.64809810355363e-94
"1010","Sigma.22.2","Sigma","2","22","3",2.93954949226193,8.11347544134672e-36
"1011","Connect.22.2","Connect","3","22","3",0.277728797661058,6.88042149245482e-07
"1012","Tau1.22.2","Tau1","4","22","3",1399.30533856974,7.05591663760078e-10
"1013","Tau2.22.2","Tau2","5","22","3",13617019.2403283,0.00184988529559728
"1014","NPQ.22.2","NPQ","6","22","3",0.418059869075654,3.03920458318915e-113
"1015","qP.22.2","qP","7","22","3",0.717018853330795,5.29619620710726e-94
"1016","ABQ.22.2","ABQ","8","22","3",0.276358397368264,8.11347544134672e-36
"1017","qm.22.2","qm","9","22","3",0.840953007698469,2.64809810355363e-94
"1018","nTau1.22.2","nTau1","10","22","3",2.00316377183859,7.05591663760078e-10
"1019","nTau2.22.2","nTau2","11","22","3",14.1984783367434,0.00184988529559728
"1020","nCon.22.2","nCon","12","22","3",0.825902626855652,6.88042149245482e-07
"1021","Fm.22.2","Fm","13","22","3",2255.49190042622,3.03920458318915e-113
"1022","Fo.22.2","Fo","14","22","3",2128.05426264289,5.29619620710726e-94
"1023","Quant.23.2","Quant","1","23","3",0.194804702240694,8.57386921700115e-77
"1024","Sigma.23.2","Sigma","2","23","3",4.45691280171008,7.49805506335209e-48
"1025","Connect.23.2","Connect","3","23","3",0.272863730500403,5.89691540632806e-13
"1026","Tau1.23.2","Tau1","4","23","3",1233.1394277367,2.64359099352325e-19
"1027","Tau2.23.2","Tau2","5","23","3",1841761.41790156,1.18407944650579e-12
"1028","NPQ.23.2","NPQ","6","23","3",0.509923840708232,1.94909311495068e-105
"1029","qP.23.2","qP","7","23","3",1,1.71477384340023e-76
"1030","ABQ.23.2","ABQ","8","23","3",-0.0971774862472683,7.49805506335209e-48
"1031","qm.23.2","qm","9","23","3",0.451636606138927,8.57386921700115e-77
"1032","nTau1.23.2","nTau1","10","23","3",1.76529036171101,2.64359099352325e-19
"1033","nTau2.23.2","nTau2","11","23","3",1.92040630419897,1.18407944650579e-12
"1034","nCon.23.2","nCon","12","23","3",0.811435017512823,5.89691540632806e-13
"1035","Fm.23.2","Fm","13","23","3",2118.26746673487,1.94909311495068e-105
"1036","Fo.23.2","Fo","14","23","3",1705.61900361143,1.71477384340023e-76
"1037","Quant.24.2","Quant","1","24","3",0.205890802685201,3.34377434804146e-76
"1038","Sigma.24.2","Sigma","2","24","3",4.77141529472652,2.03199035429374e-48
"1039","Connect.24.2","Connect","3","24","3",0.221631278866938,4.79195421895774e-10
"1040","Tau1.24.2","Tau1","4","24","3",1208.56115890458,1.35189514669175e-19
"1041","Tau2.24.2","Tau2","5","24","3",1672729.48162699,3.99582934737797e-13
"1042","NPQ.24.2","NPQ","6","24","3",0.449132846373021,3.43270803129847e-106
"1043","qP.24.2","qP","7","24","3",0.968460607775597,6.68754869608292e-76
"1044","ABQ.24.2","ABQ","8","24","3",-0.174599924167498,2.03199035429374e-48
"1045","qm.24.2","qm","9","24","3",0.420429907355429,3.34377434804146e-76
"1046","nTau1.24.2","nTau1","10","24","3",1.73010554797383,1.35189514669175e-19
"1047","nTau2.24.2","nTau2","11","24","3",1.7441565506329,3.99582934737797e-13
"1048","nCon.24.2","nCon","12","24","3",0.659081294237886,4.79195421895774e-10
"1049","Fm.24.2","Fm","13","24","3",2207.12859902722,3.43270803129847e-106
"1050","Fo.24.2","Fo","14","24","3",1752.70112014404,6.68754869608292e-76
"1051","Quant.25.2","Quant","1","25","3",0.210893011166354,8.69618828363941e-74
"1052","Sigma.25.2","Sigma","2","25","3",4.68858431701307,7.56694451767647e-47
"1053","Connect.25.2","Connect","3","25","3",0.242125597689876,2.69104617752266e-10
"1054","Tau1.25.2","Tau1","4","25","3",1221.19736517011,1.38444112402842e-18
"1055","Tau2.25.2","Tau2","5","25","3",1499313.51748501,3.47150781832883e-13
"1056","NPQ.25.2","NPQ","6","25","3",0.429080511594092,1.31680247253165e-103
"1057","qP.25.2","qP","7","25","3",0.959485664705463,1.73923765672788e-73
"1058","ABQ.25.2","ABQ","8","25","3",-0.154209064405519,7.56694451767647e-47
"1059","qm.25.2","qm","9","25","3",0.406348994584972,8.69618828363941e-74
"1060","nTau1.25.2","nTau1","10","25","3",1.74819480262533,1.38444112402842e-18
"1061","nTau2.25.2","nTau2","11","25","3",1.56333556722538,3.47150781832883e-13
"1062","nCon.25.2","nCon","12","25","3",0.720026762961437,2.69104617752266e-10
"1063","Fm.25.2","Fm","13","25","3",2238.09821984898,1.31680247253165e-103
"1064","Fo.25.2","Fo","14","25","3",1766.09894697897,1.73923765672788e-73
"1065","Quant.26.2","Quant","1","26","3",0.213492478206034,2.12994352206713e-76
"1066","Sigma.26.2","Sigma","2","26","3",4.74018118270341,8.86517994531545e-50
"1067","Connect.26.2","Connect","3","26","3",0.209865200152133,1.25741182668052e-09
"1068","Tau1.26.2","Tau1","4","26","3",1251.20550028927,1.63414347493916e-18
"1069","Tau2.26.2","Tau2","5","26","3",1452545.8691872,3.60643391336936e-13
"1070","NPQ.26.2","NPQ","6","26","3",0.417825705212541,6.45981432798363e-106
"1071","qP.26.2","qP","7","26","3",0.954022534449984,4.25988704413427e-76
"1072","ABQ.26.2","ABQ","8","26","3",-0.166910887823434,8.86517994531545e-50
"1073","qm.26.2","qm","9","26","3",0.399031652900132,2.12994352206713e-76
"1074","nTau1.26.2","nTau1","10","26","3",1.79115269571289,1.63414347493916e-18
"1075","nTau2.26.2","nTau2","11","26","3",1.51457089784382,3.60643391336936e-13
"1076","nCon.26.2","nCon","12","26","3",0.624091637420924,1.25741182668052e-09
"1077","Fm.26.2","Fm","13","26","3",2255.8644107388,6.45981432798363e-106
"1078","Fo.26.2","Fo","14","26","3",1774.25432719338,4.25988704413427e-76
"1079","Quant.27.2","Quant","1","27","3",0.221755566988474,1.76939589838304e-74
"1080","Sigma.27.2","Sigma","2","27","3",4.69622278006761,9.57220013958206e-49
"1081","Connect.27.2","Connect","3","27","3",0.21058699011296,3.15039419379865e-09
"1082","Tau1.27.2","Tau1","4","27","3",1207.2811528755,1.4712711999401e-18
"1083","Tau2.27.2","Tau2","5","27","3",1322623.69655581,2.73612313425007e-14
"1084","NPQ.27.2","NPQ","6","27","3",0.405030071631003,2.6215179738599e-104
"1085","qP.27.2","qP","7","27","3",0.955799058269987,3.53879179676609e-74
"1086","ABQ.27.2","ABQ","8","27","3",-0.156089457867503,9.57220013958206e-49
"1087","qm.27.2","qm","9","27","3",0.375771560323333,1.76939589838304e-74
"1088","nTau1.27.2","nTau1","10","27","3",1.7282731661237,1.4712711999401e-18
"1089","nTau2.27.2","nTau2","11","27","3",1.3791009303706,2.73612313425007e-14
"1090","nCon.27.2","nCon","12","27","3",0.626238077508181,3.15039419379865e-09
"1091","Fm.27.2","Fm","13","27","3",2276.40860761562,2.6215179738599e-104
"1092","Fo.27.2","Fo","14","27","3",1771.60232613638,3.53879179676609e-74
"1093","Quant.1.3","Quant","1","1","4",0.350468436042825,1.09374431565457e-72
"1094","Sigma.1.3","Sigma","2","1","4",3.7067348077576,2.69743146639553e-59
"1095","Connect.1.3","Connect","3","1","4",0.351955677054716,8.86135230117057e-28
"1096","Tau1.1.3","Tau1","4","1","4",586.968923966523,8.33624425759078e-26
"1097","Tau2.1.3","Tau2","5","1","4",1065414.32515895,1.35981331420083e-22
"1098","NPQ.1.3","NPQ","6","1","4",0.868604958037092,1.73495351212058e-101
"1099","qP.1.3","qP","7","1","4",1.36052158135435,2.18748863130915e-72
"1100","ABQ.1.3","ABQ","8","1","4",0,2.69743146639553e-59
"1101","qm.1.3","qm","9","1","4",0,1.09374431565457e-72
"1102","nTau1.1.3","nTau1","10","1","4",1,8.33624425759078e-26
"1103","nTau2.1.3","nTau2","11","1","4",1,1.35981331420083e-22
"1104","nCon.1.3","nCon","12","1","4",1,8.86135230117057e-28
"1105","Fm.1.3","Fm","13","1","4",1527.53024439885,1.73495351212058e-101
"1106","Fo.1.3","Fo","14","1","4",992.179108636269,2.18748863130915e-72
"1107","Quant.3.3","Quant","1","3","4",0.0358203026806663,1.47684281123406e-90
"1108","Sigma.3.3","Sigma","2","3","4",2.31553144767501,2.53759628024496e-27
"1109","Connect.3.3","Connect","3","3","4",0.48939705156017,2.56517950295707e-11
"1110","Tau1.3.3","Tau1","4","3","4",2263.7533783065,6.65063559573693e-08
"1111","Tau2.3.3","Tau2","5","3","4",7333667.99244194,5.55939115656385e-08
"1112","NPQ.3.3","NPQ","6","3","4",0.119947400187748,5.53000477452315e-104
"1113","qP.3.3","qP","7","3","4",0.290049999074697,2.95368562246806e-90
"1114","ABQ.3.3","ABQ","8","3","4",0.375317747892573,2.53759628024496e-27
"1115","qm.3.3","qm","9","3","4",0.897793070653902,1.47684281123406e-90
"1116","nTau1.3.3","nTau1","10","3","4",3.85668352424669,6.65063559573693e-08
"1117","nTau2.3.3","nTau2","11","3","4",6.88339533199705,5.55939115656385e-08
"1118","nCon.3.3","nCon","12","3","4",1.39050762202675,2.56517950295707e-11
"1119","Fm.3.3","Fm","13","3","4",2548.6470058833,5.53000477452315e-104
"1120","Fo.3.3","Fo","14","3","4",2457.35369870639,2.95368562246806e-90
"1121","Quant.4.3","Quant","1","4","4",0.0436606298623538,4.14271870819394e-92
"1122","Sigma.4.3","Sigma","2","4","4",2.63054013643962,2.32581231886021e-30
"1123","Connect.4.3","Connect","3","4","4",0.49546244761722,2.81662997269814e-13
"1124","Tau1.4.3","Tau1","4","4","4",1117.1672408125,7.89200512153901e-07
"1125","Tau2.4.3","Tau2","5","4","4",4223671.17870205,1.96543291611122e-12
"1126","NPQ.4.3","NPQ","6","4","4",0.144521561795869,5.55738338634801e-108
"1127","qP.4.3","qP","7","4","4",0.342884317637762,8.28543741638789e-92
"1128","ABQ.4.3","ABQ","8","4","4",0.290334951684613,2.32581231886021e-30
"1129","qm.4.3","qm","9","4","4",0.875422076934144,4.14271870819394e-92
"1130","nTau1.4.3","nTau1","10","4","4",1.90328175001683,7.89200512153901e-07
"1131","nTau2.4.3","nTau2","11","4","4",3.96434615056626,1.96543291611122e-12
"1132","nCon.4.3","nCon","12","4","4",1.40774103081222,2.81662997269814e-13
"1133","Fm.4.3","Fm","13","4","4",2493.92469614686,5.55738338634801e-108
"1134","Fo.4.3","Fo","14","4","4",2385.03837308381,8.28543741638789e-92
"1135","Quant.5.3","Quant","1","5","4",0.040704723284767,2.23737397311851e-92
"1136","Sigma.5.3","Sigma","2","5","4",2.76070815649617,1.46364570381131e-27
"1137","Connect.5.3","Connect","3","5","4",0.343122964106911,1.61736538985872e-05
"1138","Tau1.5.3","Tau1","4","5","4",2242.37395318898,3.6999795470747e-08
"1139","Tau2.5.3","Tau2","5","5","4",6946356.04834988,2.54757071036991e-07
"1140","NPQ.5.3","NPQ","6","5","4",0.165390936602648,2.83216665923355e-108
"1141","qP.5.3","qP","7","5","4",0.368799470626108,4.47474794623703e-92
"1142","ABQ.5.3","ABQ","8","5","4",0.255218325649179,1.46364570381131e-27
"1143","qm.5.3","qm","9","5","4",0.883856236115388,2.23737397311851e-92
"1144","nTau1.5.3","nTau1","10","5","4",3.82026008810795,3.6999795470747e-08
"1145","nTau2.5.3","nTau2","11","5","4",6.51986357261859,2.54757071036991e-07
"1146","nCon.5.3","nCon","12","5","4",0.974903905452755,1.61736538985872e-05
"1147","Fm.5.3","Fm","13","5","4",2449.26444730753,2.83216665923355e-108
"1148","Fo.5.3","Fo","14","5","4",2349.56781572866,4.47474794623703e-92
"1149","Quant.6.3","Quant","1","6","4",0.0373870210628509,6.83037041348417e-97
"1150","Sigma.6.3","Sigma","2","6","4",2.74661596230317,9.67820973130602e-30
"1151","Connect.6.3","Connect","3","6","4",0.4326686916887,3.28997830342715e-09
"1152","Tau1.6.3","Tau1","4","6","4",1224.72813474131,1.36721257339407e-09
"1153","Tau2.6.3","Tau2","5","6","4",9652018.74449558,0.000162210986882999
"1154","NPQ.6.3","NPQ","6","6","4",0.199082358437656,1.56959170256224e-111
"1155","qP.6.3","qP","7","6","4",0.411262373244184,1.36607408269683e-96
"1156","ABQ.6.3","ABQ","8","6","4",0.259020106710914,9.67820973130602e-30
"1157","qm.6.3","qm","9","6","4",0.893322715491895,6.83037041348417e-97
"1158","nTau1.6.3","nTau1","10","6","4",2.0865297713975,1.36721257339407e-09
"1159","nTau2.6.3","nTau2","11","6","4",9.05940394883986,0.000162210986882999
"1160","nCon.6.3","nCon","12","6","4",1.22932721332816,3.28997830342715e-09
"1161","Fm.6.3","Fm","13","6","4",2380.44582021403,1.56959170256224e-111
"1162","Fo.6.3","Fo","14","6","4",2291.44804219471,1.36607408269683e-96
"1163","Quant.7.3","Quant","1","7","4",0.0483452924427027,1.11939727924604e-87
"1164","Sigma.7.3","Sigma","2","7","4",3.86480729938638,2.21477799887448e-24
"1165","Connect.7.3","Connect","3","7","4",0.0570059208655791,0.59496542152619
"1166","Tau1.7.3","Tau1","4","7","4",1039.54905365636,1.00751560430725e-09
"1167","Tau2.7.3","Tau2","5","7","4",9159267.84920866,0.000126779870596527
"1168","NPQ.7.3","NPQ","6","7","4",0.228390110831623,5.18521369542002e-110
"1169","qP.7.3","qP","7","7","4",0.469809171068166,2.23879455849207e-87
"1170","ABQ.7.3","ABQ","8","7","4",-0.042644672421118,2.21477799887448e-24
"1171","qm.7.3","qm","9","7","4",0.862055216759106,1.11939727924604e-87
"1172","nTau1.7.3","nTau1","10","7","4",1.77104615118542,1.00751560430725e-09
"1173","nTau2.7.3","nTau2","11","7","4",8.59690698061728,0.000126779870596527
"1174","nCon.7.3","nCon","12","7","4",0.161969033551679,0.59496542152619
"1175","Fm.7.3","Fm","13","7","4",2323.65155260237,5.18521369542002e-110
"1176","Fo.7.3","Fo","14","7","4",2211.31393875686,2.23879455849207e-87
"1177","Quant.8.3","Quant","1","8","4",0.0493735452708168,1.06828809807789e-85
"1178","Sigma.8.3","Sigma","2","8","4",3.75125218662788,3.33904885465062e-27
"1179","Connect.8.3","Connect","3","8","4",0.477549695386307,1.85202758950619e-10
"1180","Tau1.8.3","Tau1","4","8","4",994.923221595744,1.71996811298002e-10
"1181","Tau2.8.3","Tau2","5","8","4",7968027.39642385,8.89148339373859e-06
"1182","NPQ.8.3","NPQ","6","8","4",0.260922370825192,4.19914353357838e-108
"1183","qP.8.3","qP","7","8","4",0.513193076728244,2.13657619615578e-85
"1184","ABQ.8.3","ABQ","8","8","4",-0.0120098634456156,3.33904885465062e-27
"1185","qm.8.3","qm","9","8","4",0.859121278286003,1.06828809807789e-85
"1186","nTau1.8.3","nTau1","10","8","4",1.69501856226461,1.71996811298002e-10
"1187","nTau2.8.3","nTau2","11","8","4",7.47880632751495,8.89148339373859e-06
"1188","nCon.8.3","nCon","12","8","4",1.35684612159862,1.85202758950619e-10
"1189","Fm.8.3","Fm","13","8","4",2263.70048964022,4.19914353357838e-108
"1190","Fo.8.3","Fo","14","8","4",2151.9335710354,2.13657619615578e-85
"1191","Quant.9.3","Quant","1","9","4",0.0535177035251998,3.68045889217773e-92
"1192","Sigma.9.3","Sigma","2","9","4",3.49958586873761,2.60372136720394e-32
"1193","Connect.9.3","Connect","3","9","4",0.223695367610604,0.000589883545411723
"1194","Tau1.9.3","Tau1","4","9","4",940.669576731495,6.11735600716002e-12
"1195","Tau2.9.3","Tau2","5","9","4",9332295.93652586,1.11215923416796e-05
"1196","NPQ.9.3","NPQ","6","9","4",0.27897749968716,4.6587547506224e-113
"1197","qP.9.3","qP","7","9","4",0.542145127632518,7.36091778435546e-92
"1198","ABQ.9.3","ABQ","8","9","4",0.0558844777852634,2.60372136720394e-32
"1199","qm.9.3","qm","9","9","4",0.84729665207665,3.68045889217773e-92
"1200","nTau1.9.3","nTau1","10","9","4",1.60258837959391,6.11735600716002e-12
"1201","nTau2.9.3","nTau2","11","9","4",8.75931148676223,1.11215923416796e-05
"1202","nCon.9.3","nCon","12","9","4",0.635578233834903,0.000589883545411723
"1203","Fm.9.3","Fm","13","9","4",2231.74417762116,4.6587547506224e-113
"1204","Fo.9.3","Fo","14","9","4",2112.30635437914,7.36091778435546e-92
"1205","Quant.10.3","Quant","1","10","4",0.0914733017410278,2.30595196997359e-82
"1206","Sigma.10.3","Sigma","2","10","4",4.40906454985318,1.1049912984799e-35
"1207","Connect.10.3","Connect","3","10","4",0.224564635782198,4.16977157007983e-05
"1208","Tau1.10.3","Tau1","4","10","4",999.701536588326,1.56945481782957e-18
"1209","Tau2.10.3","Tau2","5","10","4",5138449.92915214,1.63780891051498e-07
"1210","NPQ.10.3","NPQ","6","10","4",0.316533103734282,1.19582284247485e-108
"1211","qP.10.3","qP","7","10","4",0.646291250664224,4.61190393994719e-82
"1212","ABQ.10.3","ABQ","8","10","4",-0.189473965233693,1.1049912984799e-35
"1213","qm.10.3","qm","9","10","4",0.738997032731785,2.30595196997359e-82
"1214","nTau1.10.3","nTau1","10","10","4",1.70315922320505,1.56945481782957e-18
"1215","nTau2.10.3","nTau2","11","10","4",4.82295930119534,1.63780891051498e-07
"1216","nCon.10.3","nCon","12","10","4",0.638048056679838,4.16977157007983e-05
"1217","Fm.10.3","Fm","13","10","4",2168.08113684272,1.19582284247485e-108
"1218","Fo.10.3","Fo","14","10","4",1969.75959681327,4.61190393994719e-82
"1219","Quant.11.3","Quant","1","11","4",0.0956507207315196,2.83951262090404e-88
"1220","Sigma.11.3","Sigma","2","11","4",4.16544355757927,9.57473364211117e-43
"1221","Connect.11.3","Connect","3","11","4",0.272701921094302,1.76284797374822e-10
"1222","Tau1.11.3","Tau1","4","11","4",971.249762698438,5.63055357997476e-19
"1223","Tau2.11.3","Tau2","5","11","4",4251832.71175919,2.12248475820031e-08
"1224","NPQ.11.3","NPQ","6","11","4",0.313855836391978,1.50722432473065e-113
"1225","qP.11.3","qP","7","11","4",0.649989325669932,5.67902524180809e-88
"1226","ABQ.11.3","ABQ","8","11","4",-0.123750085617581,9.57473364211117e-43
"1227","qm.11.3","qm","9","11","4",0.727077502865817,2.83951262090404e-88
"1228","nTau1.11.3","nTau1","10","11","4",1.65468685485951,5.63055357997476e-19
"1229","nTau2.11.3","nTau2","11","11","4",3.99077862138266,2.12248475820031e-08
"1230","nCon.11.3","nCon","12","11","4",0.774818929975397,1.76284797374822e-10
"1231","Fm.11.3","Fm","13","11","4",2172.49907423155,1.50722432473065e-113
"1232","Fo.11.3","Fo","14","11","4",1964.69797199275,5.67902524180809e-88
"1233","Quant.12.3","Quant","1","12","4",0.107438867315145,1.20174147036454e-85
"1234","Sigma.12.3","Sigma","2","12","4",4.37484440956999,8.42809806524877e-43
"1235","Connect.12.3","Connect","3","12","4",0.276582949319369,1.27842159750445e-10
"1236","Tau1.12.3","Tau1","4","12","4",1139.87318323909,1.81992463310373e-20
"1237","Tau2.12.3","Tau2","5","12","4",4571239.54307495,1.11290133674716e-07
"1238","NPQ.12.3","NPQ","6","12","4",0.291214234772663,8.6066755006305e-112
"1239","qP.12.3","qP","7","12","4",0.643857741234384,2.40348294072907e-85
"1240","ABQ.12.3","ABQ","8","12","4",-0.180242082712297,8.42809806524877e-43
"1241","qm.12.3","qm","9","12","4",0.693442101296628,1.20174147036454e-85
"1242","nTau1.12.3","nTau1","10","12","4",1.94196513085605,1.81992463310373e-20
"1243","nTau2.12.3","nTau2","11","12","4",4.2905745071458,1.11290133674716e-07
"1244","nCon.12.3","nCon","12","12","4",0.78584596683852,1.27842159750445e-10
"1245","Fm.12.3","Fm","13","12","4",2210.59411472322,8.6066755006305e-112
"1246","Fo.12.3","Fo","14","12","4",1973.09038694383,2.40348294072907e-85
"1247","Quant.13.3","Quant","1","13","4",0.117142957813308,1.55377992770186e-84
"1248","Sigma.13.3","Sigma","2","13","4",4.08306601294573,1.09709236750413e-41
"1249","Connect.13.3","Connect","3","13","4",0.0991776070379488,0.0194142144282357
"1250","Tau1.13.3","Tau1","4","13","4",1169.17825568085,2.92143505169189e-21
"1251","Tau2.13.3","Tau2","5","13","4",4828869.07993327,5.89364925026897e-07
"1252","NPQ.13.3","NPQ","6","13","4",0.281053992597972,3.93809750840018e-110
"1253","qP.13.3","qP","7","13","4",0.648221713227159,3.10755985540372e-84
"1254","ABQ.13.3","ABQ","8","13","4",-0.101526336440506,1.09709236750413e-41
"1255","qm.13.3","qm","9","13","4",0.665753186974607,1.55377992770186e-84
"1256","nTau1.13.3","nTau1","10","13","4",1.99189123638773,2.92143505169189e-21
"1257","nTau2.13.3","nTau2","11","13","4",4.53238610172886,5.89364925026897e-07
"1258","nCon.13.3","nCon","12","13","4",0.281790047735273,0.0194142144282357
"1259","Fm.13.3","Fm","13","13","4",2228.12668687499,3.93809750840018e-110
"1260","Fo.13.3","Fo","14","13","4",1967.11733639168,3.10755985540372e-84
"1261","Quant.14.3","Quant","1","14","4",0.120561996634558,1.05204049923157e-84
"1262","Sigma.14.3","Sigma","2","14","4",4.13574802556114,1.29180658002663e-43
"1263","Connect.14.3","Connect","3","14","4",0.201114075305732,5.18364344322942e-07
"1264","Tau1.14.3","Tau1","4","14","4",1180.56587919943,6.44499463938303e-19
"1265","Tau2.14.3","Tau2","5","14","4",3758846.02801048,9.56970250839131e-08
"1266","NPQ.14.3","NPQ","6","14","4",0.276200795769711,2.23267261471126e-110
"1267","qP.14.3","qP","7","14","4",0.648343268477262,2.10408099846315e-84
"1268","ABQ.14.3","ABQ","8","14","4",-0.115738848353997,1.29180658002663e-43
"1269","qm.14.3","qm","9","14","4",0.655997561447085,1.05204049923157e-84
"1270","nTau1.14.3","nTau1","10","14","4",2.01129196282078,6.44499463938303e-19
"1271","nTau2.14.3","nTau2","11","14","4",3.5280603416419,9.56970250839131e-08
"1272","nCon.14.3","nCon","12","14","4",0.571418756443205,5.18364344322942e-07
"1273","Fm.14.3","Fm","13","14","4",2236.59991256608,2.23267261471126e-110
"1274","Fo.14.3","Fo","14","14","4",1966.95096143443,2.10408099846315e-84
"1275","Quant.15.3","Quant","1","15","4",0.122244612477537,1.3522515497945e-83
"1276","Sigma.15.3","Sigma","2","15","4",3.9002684696583,6.3944148956046e-43
"1277","Connect.15.3","Connect","3","15","4",0.245159665879621,5.6531484783979e-09
"1278","Tau1.15.3","Tau1","4","15","4",1098.49052803689,2.12580612468041e-16
"1279","Tau2.15.3","Tau2","5","15","4",3781075.35415361,3.39540166896965e-06
"1280","NPQ.15.3","NPQ","6","15","4",0.270496752086366,2.68893763407728e-108
"1281","qP.15.3","qP","7","15","4",0.644653232337763,2.704503099589e-83
"1282","ABQ.15.3","ABQ","8","15","4",-0.052211359036441,6.3944148956046e-43
"1283","qm.15.3","qm","9","15","4",0.651196513278589,1.3522515497945e-83
"1284","nTau1.15.3","nTau1","10","15","4",1.87146283761275,2.12580612468041e-16
"1285","nTau2.15.3","nTau2","11","15","4",3.54892483127584,3.39540166896965e-06
"1286","nCon.15.3","nCon","12","15","4",0.696564033094166,5.6531484783979e-09
"1287","Fm.15.3","Fm","13","15","4",2246.64138932113,2.68893763407728e-108
"1288","Fo.15.3","Fo","14","15","4",1972.00158330757,2.704503099589e-83
"1289","Quant.16.3","Quant","1","16","4",0.0478345609238691,2.430143328414e-90
"1290","Sigma.16.3","Sigma","2","16","4",2.95880300180748,3.69999393216633e-29
"1291","Connect.16.3","Connect","3","16","4",0.294276128460012,6.15150296658413e-05
"1292","Tau1.16.3","Tau1","4","16","4",937.521036123152,8.65232987506717e-12
"1293","Tau2.16.3","Tau2","5","16","4",8411389.59017192,1.06985766467342e-05
"1294","NPQ.16.3","NPQ","6","16","4",0.230819910125087,1.9125331730256e-108
"1295","qP.16.3","qP","7","16","4",0.472133244726539,4.860286656828e-90
"1296","ABQ.16.3","ABQ","8","16","4",0.201776454140937,3.69999393216633e-29
"1297","qm.16.3","qm","9","16","4",0.863512499259636,2.430143328414e-90
"1298","nTau1.16.3","nTau1","10","16","4",1.59722431263946,8.65232987506717e-12
"1299","nTau2.16.3","nTau2","11","16","4",7.89494696245706,1.06985766467342e-05
"1300","nCon.16.3","nCon","12","16","4",0.836117010308269,6.15150296658413e-05
"1301","Fm.16.3","Fm","13","16","4",2319.06436088218,1.9125331730256e-108
"1302","Fo.16.3","Fo","14","16","4",2208.13293542519,4.860286656828e-90
"1303","Quant.17.3","Quant","1","17","4",0.0521947159282686,1.45423229806914e-94
"1304","Sigma.17.3","Sigma","2","17","4",3.14661689716537,2.345755998239e-34
"1305","Connect.17.3","Connect","3","17","4",0.511887326513889,8.82730313165355e-16
"1306","Tau1.17.3","Tau1","4","17","4",1102.50650591023,2.82473333476949e-12
"1307","Tau2.17.3","Tau2","5","17","4",23476633.3654187,0.0171143770634392
"1308","NPQ.17.3","NPQ","6","17","4",0.27641814631316,3.2373943645683e-111
"1309","qP.17.3","qP","7","17","4",0.536889199488523,2.90846459613828e-94
"1310","ABQ.17.3","ABQ","8","17","4",0.15110816922214,2.345755998239e-34
"1311","qm.17.3","qm","9","17","4",0.851071564339418,1.45423229806914e-94
"1312","nTau1.17.3","nTau1","10","17","4",1.87830472942228,2.82473333476949e-12
"1313","nTau2.17.3","nTau2","11","17","4",22.0352146681678,0.0171143770634392
"1314","nCon.17.3","nCon","12","17","4",1.4544084948353,8.82730313165355e-16
"1315","Fm.17.3","Fm","13","17","4",2236.21906072072,3.2373943645683e-111
"1316","Fo.17.3","Fo","14","17","4",2119.50024209302,2.90846459613828e-94
"1317","Quant.18.3","Quant","1","18","4",0.046361711272487,2.11405411530784e-89
"1318","Sigma.18.3","Sigma","2","18","4",2.95251106011671,1.66975144490824e-29
"1319","Connect.18.3","Connect","3","18","4",0.335137300467279,9.14345177546135e-07
"1320","Tau1.18.3","Tau1","4","18","4",939.531599890401,6.14257917223316e-12
"1321","Tau2.18.3","Tau2","5","18","4",8989557.70381051,3.03993465128791e-06
"1322","NPQ.18.3","NPQ","6","18","4",0.311461618626082,7.04147705183866e-109
"1323","qP.18.3","qP","7","18","4",0.5689919825273,4.22810823061568e-89
"1324","ABQ.18.3","ABQ","8","18","4",0.203473889219812,1.66975144490824e-29
"1325","qm.18.3","qm","9","18","4",0.867715016519143,2.11405411530784e-89
"1326","nTau1.18.3","nTau1","10","18","4",1.60064964519993,6.14257917223316e-12
"1327","nTau2.18.3","nTau2","11","18","4",8.43761670134228,3.03993465128791e-06
"1328","nCon.18.3","nCon","12","18","4",0.952214504030225,9.14345177546135e-07
"1329","Fm.18.3","Fm","13","18","4",2176.46521079708,7.04147705183866e-109
"1330","Fo.18.3","Fo","14","18","4",2075.56055909949,4.22810823061568e-89
"1331","Quant.19.3","Quant","1","19","4",0.0522033783817505,5.74714261435762e-89
"1332","Sigma.19.3","Sigma","2","19","4",3.20549737568191,6.28906419589611e-28
"1333","Connect.19.3","Connect","3","19","4",0.486684040019523,1.67321920020805e-09
"1334","Tau1.19.3","Tau1","4","19","4",1083.53328782865,3.13690671679626e-10
"1335","Tau2.19.3","Tau2","5","19","4",8400824.24098708,4.2285146031518e-05
"1336","NPQ.19.3","NPQ","6","19","4",0.330498957232371,2.9728774692302e-105
"1337","qP.19.3","qP","7","19","4",0.599845842616349,1.14942852287152e-88
"1338","ABQ.19.3","ABQ","8","19","4",0.135223440054756,6.28906419589611e-28
"1339","qm.19.3","qm","9","19","4",0.851046847552995,5.74714261435762e-89
"1340","nTau1.19.3","nTau1","10","19","4",1.84598067050386,3.13690671679626e-10
"1341","nTau2.19.3","nTau2","11","19","4",7.88503030474433,4.2285146031518e-05
"1342","nCon.19.3","nCon","12","19","4",1.38279923225634,1.67321920020805e-09
"1343","Fm.19.3","Fm","13","19","4",2145.3234312733,2.9728774692302e-105
"1344","Fo.19.3","Fo","14","19","4",2033.3303004393,1.14942852287152e-88
"1345","Quant.20.3","Quant","1","20","4",0.0521959891788244,2.77596324498291e-88
"1346","Sigma.20.3","Sigma","2","20","4",3.25213103381512,7.45461066362183e-30
"1347","Connect.20.3","Connect","3","20","4",0.312652209292341,5.79685154761876e-06
"1348","Tau1.20.3","Tau1","4","20","4",843.064730490645,1.33982533023147e-09
"1349","Tau2.20.3","Tau2","5","20","4",8116912.99562539,0.000228113903032526
"1350","NPQ.20.3","NPQ","6","20","4",0.370757014006793,8.81947712838285e-109
"1351","qP.20.3","qP","7","20","4",0.64346468284481,5.55192648996583e-88
"1352","ABQ.20.3","ABQ","8","20","4",0.122642648454664,7.45461066362183e-30
"1353","qm.20.3","qm","9","20","4",0.851067931343048,2.77596324498291e-88
"1354","nTau1.20.3","nTau1","10","20","4",1.43630215513543,1.33982533023147e-09
"1355","nTau2.20.3","nTau2","11","20","4",7.6185506464017,0.000228113903032526
"1356","nCon.20.3","nCon","12","20","4",0.888328359720518,5.79685154761876e-06
"1357","Fm.20.3","Fm","13","20","4",2082.31696724417,8.81947712838285e-109
"1358","Fo.20.3","Fo","14","20","4",1973.62837335501,5.55192648996583e-88
"1359","Quant.21.3","Quant","1","21","4",0.0534175745435147,3.703356071239e-89
"1360","Sigma.21.3","Sigma","2","21","4",3.11708537917083,5.80016422241494e-31
"1361","Connect.21.3","Connect","3","21","4",0.293751800978234,9.37222854910129e-06
"1362","Tau1.21.3","Tau1","4","21","4",1013.19878040794,1.33830065751276e-10
"1363","Tau2.21.3","Tau2","5","21","4",11189314.9788208,0.00109594524950443
"1364","NPQ.21.3","NPQ","6","21","4",0.411757882939182,6.11149105280998e-109
"1365","qP.21.3","qP","7","21","4",0.687146994066842,7.40671214247801e-89
"1366","ABQ.21.3","ABQ","8","21","4",0.159075158911484,5.80016422241494e-31
"1367","qm.21.3","qm","9","21","4",0.847582352503244,3.703356071239e-89
"1368","nTau1.21.3","nTau1","10","21","4",1.72615404161622,1.33830065751276e-10
"1369","nTau2.21.3","nTau2","11","21","4",10.5023132452733,0.00109594524950443
"1370","nCon.21.3","nCon","12","21","4",0.834627256012598,9.37222854910129e-06
"1371","Fm.21.3","Fm","13","21","4",2021.84143806071,6.11149105280998e-109
"1372","Fo.21.3","Fo","14","21","4",1913.83957232793,7.40671214247801e-89
"1373","Quant.22.3","Quant","1","22","4",0.0580497324451851,2.37988308002109e-87
"1374","Sigma.22.3","Sigma","2","22","4",2.84559125810449,5.79856953456861e-31
"1375","Connect.22.3","Connect","3","22","4",0.382287897501441,9.52802177170066e-09
"1376","Tau1.22.3","Tau1","4","22","4",1276.88654601585,7.15168762676693e-09
"1377","Tau2.22.3","Tau2","5","22","4",12057133.2785306,0.0173900971640553
"1378","NPQ.22.3","NPQ","6","22","4",0.449007367940613,4.56427044839232e-105
"1379","qP.22.3","qP","7","22","4",0.729758821930049,4.75976616004218e-87
"1380","ABQ.22.3","ABQ","8","22","4",0.232318629282805,5.79856953456861e-31
"1381","qm.22.3","qm","9","22","4",0.83436530518802,2.37988308002109e-87
"1382","nTau1.22.3","nTau1","10","22","4",2.17539037226555,7.15168762676693e-09
"1383","nTau2.22.3","nTau2","11","22","4",11.3168492236405,0.0173900971640553
"1384","nCon.22.3","nCon","12","22","4",1.08618193262446,9.52802177170066e-09
"1385","Fm.22.3","Fm","13","22","4",1969.86616589259,4.56427044839232e-105
"1386","Fo.22.3","Fo","14","22","4",1855.51596200971,4.75976616004218e-87
"1387","Quant.23.3","Quant","1","23","4",0.196867354088781,1.45392131275152e-80
"1388","Sigma.23.3","Sigma","2","23","4",4.24808859361066,4.79688416544036e-51
"1389","Connect.23.3","Connect","3","23","4",0.255754848212944,2.05634625964679e-14
"1390","Tau1.23.3","Tau1","4","23","4",1013.93938738159,6.17541445902889e-18
"1391","Tau2.23.3","Tau2","5","23","4",1792101.90519786,7.42390428334092e-13
"1392","NPQ.23.3","NPQ","6","23","4",0.543062132644126,8.64940914643958e-108
"1393","qP.23.3","qP","7","23","4",1,2.90784262550304e-80
"1394","ABQ.23.3","ABQ","8","23","4",-0.146045998413509,4.79688416544036e-51
"1395","qm.23.3","qm","9","23","4",0.438273653651578,1.45392131275152e-80
"1396","nTau1.23.3","nTau1","10","23","4",1.72741578979983,6.17541445902889e-18
"1397","nTau2.23.3","nTau2","11","23","4",1.68207040479814,7.42390428334092e-13
"1398","nCon.23.3","nCon","12","23","4",0.726667773491214,2.05634625964679e-14
"1399","Fm.23.3","Fm","13","23","4",1849.79627705866,8.64940914643958e-108
"1400","Fo.23.3","Fo","14","23","4",1485.63177839084,2.90784262550304e-80
"1401","Quant.24.3","Quant","1","24","4",0.206202468572124,3.58230836825705e-81
"1402","Sigma.24.3","Sigma","2","24","4",4.45028852914749,8.68997068577165e-53
"1403","Connect.24.3","Connect","3","24","4",0.249905250538485,4.38439851492651e-15
"1404","Tau1.24.3","Tau1","4","24","4",900.541001519274,5.95109180717843e-18
"1405","Tau2.24.3","Tau2","5","24","4",1669325.38119263,1.04929569341411e-14
"1406","NPQ.24.3","NPQ","6","24","4",0.48744016060117,4.0899085053936e-109
"1407","qP.24.3","qP","7","24","4",0.972499421258318,7.16461673651411e-81
"1408","ABQ.24.3","ABQ","8","24","4",-0.200595337932931,8.68997068577165e-53
"1409","qm.24.3","qm","9","24","4",0.411637547448275,3.58230836825705e-81
"1410","nTau1.24.3","nTau1","10","24","4",1.53422262192987,5.95109180717843e-18
"1411","nTau2.24.3","nTau2","11","24","4",1.56683211570632,1.04929569341411e-14
"1412","nCon.24.3","nCon","12","24","4",0.710047505497783,4.38439851492651e-15
"1413","Fm.24.3","Fm","13","24","4",1918.96834833454,4.0899085053936e-109
"1414","Fo.24.3","Fo","14","24","4",1523.27233779619,7.16461673651411e-81
"1415","Quant.25.3","Quant","1","25","4",0.210215210915852,1.47354878926062e-76
"1416","Sigma.25.3","Sigma","2","25","4",4.52731417737487,8.38200591439037e-49
"1417","Connect.25.3","Connect","3","25","4",0.264585034181914,2.10790254883773e-13
"1418","Tau1.25.3","Tau1","4","25","4",1011.19028554158,7.95609508695712e-20
"1419","Tau2.25.3","Tau2","5","25","4",1458664.42638115,7.12849873370382e-16
"1420","NPQ.25.3","NPQ","6","25","4",0.465961456499757,4.07939764993448e-105
"1421","qP.25.3","qP","7","25","4",0.961901734389369,2.94709757852125e-76
"1422","ABQ.25.3","ABQ","8","25","4",-0.221375256708392,8.38200591439037e-49
"1423","qm.25.3","qm","9","25","4",0.400187893410849,1.47354878926062e-76
"1424","nTau1.25.3","nTau1","10","25","4",1.72273223377538,7.95609508695712e-20
"1425","nTau2.25.3","nTau2","11","25","4",1.3691053254456,7.12849873370382e-16
"1426","nCon.25.3","nCon","12","25","4",0.751756688217252,2.10790254883773e-13
"1427","Fm.25.3","Fm","13","25","4",1947.08433538939,4.07939764993448e-105
"1428","Fo.25.3","Fo","14","25","4",1537.77759115456,2.94709757852125e-76
"1429","Quant.26.3","Quant","1","26","4",0.218867921838155,6.25733131197389e-78
"1430","Sigma.26.3","Sigma","2","26","4",4.54880224084903,6.56167125904012e-51
"1431","Connect.26.3","Connect","3","26","4",0.223851995599953,6.35374715944271e-12
"1432","Tau1.26.3","Tau1","4","26","4",1011.27783266263,1.04546591584589e-18
"1433","Tau2.26.3","Tau2","5","26","4",1521852.28144968,7.40665915474746e-14
"1434","NPQ.26.3","NPQ","6","26","4",0.445777952785994,1.16213888775612e-106
"1435","qP.26.3","qP","7","26","4",0.958697941263211,1.25146626239478e-77
"1436","ABQ.26.3","ABQ","8","26","4",-0.227172289565771,6.56167125904012e-51
"1437","qm.26.3","qm","9","26","4",0.375498905666328,6.25733131197389e-78
"1438","nTau1.26.3","nTau1","10","26","4",1.72288138497824,1.04546591584589e-18
"1439","nTau2.26.3","nTau2","11","26","4",1.42841357161462,7.40665915474746e-14
"1440","nCon.26.3","nCon","12","26","4",0.636023255749763,6.35374715944271e-12
"1441","Fm.26.3","Fm","13","26","4",1974.2662299802,1.16213888775612e-106
"1442","Fo.26.3","Fo","14","26","4",1542.16268306918,1.25146626239478e-77
"1443","Quant.27.3","Quant","1","27","4",0.225074745516051,7.95714434866727e-74
"1444","Sigma.27.3","Sigma","2","27","4",4.62602903125456,5.37268543789227e-48
"1445","Connect.27.3","Connect","3","27","4",0.241075957673321,3.97823255470923e-11
"1446","Tau1.27.3","Tau1","4","27","4",1043.07243846195,4.24760317993453e-19
"1447","Tau2.27.3","Tau2","5","27","4",1432861.16479399,2.1291463858212e-14
"1448","NPQ.27.3","NPQ","6","27","4",0.44182695323779,5.00828973501791e-103
"1449","qP.27.3","qP","7","27","4",0.964587795755634,1.59142886973345e-73
"1450","ABQ.27.3","ABQ","8","27","4",-0.248006472319798,5.37268543789227e-48
"1451","qm.27.3","qm","9","27","4",0.357788826698936,7.95714434866727e-74
"1452","nTau1.27.3","nTau1","10","27","4",1.7770488280934,4.24760317993453e-19
"1453","nTau2.27.3","nTau2","11","27","4",1.34488633291111,2.1291463858212e-14
"1454","nCon.27.3","nCon","12","27","4",0.684961128317992,3.97823255470923e-11
"1455","Fm.27.3","Fm","13","27","4",1979.67625853125,5.00828973501791e-103
"1456","Fo.27.3","Fo","14","27","4",1534.10112843816,1.59142886973345e-73
"1457","MTQuant.2.0","MTQuant","15","2","1",0.56714848895983,NA
"1458","PQpool.2.0","PQpool","16","2","1",0.647251051161554,NA
"1459","MTTau1.2.0","MTTau1","17","2","1",17000,NA
"1460","MTTau2.2.0","MTTau2","18","2","1",5e+06,NA
"1461","MTQuant.2.1","MTQuant","15","2","2",0.565493847976518,NA
"1462","PQpool.2.1","PQpool","16","2","2",0.636299772391796,NA
"1463","MTTau1.2.1","MTTau1","17","2","2",17000,NA
"1464","MTTau2.2.1","MTTau2","18","2","2",7140962.8260418,NA
"1465","MTQuant.2.2","MTQuant","15","2","3",0.544902512745587,NA
"1466","PQpool.2.2","PQpool","16","2","3",0.648672720273164,NA
"1467","MTTau1.2.2","MTTau1","17","2","3",17000,NA
"1468","MTTau2.2.2","MTTau2","18","2","3",1.5e+07,NA
"1469","MTQuant.2.3","MTQuant","15","2","4",0.53515859288443,NA
"1470","PQpool.2.3","PQpool","16","2","4",0.652397602198655,NA
"1471","MTTau1.2.3","MTTau1","17","2","4",17000,NA
"1472","MTTau2.2.3","MTTau2","18","2","4",12205055.5478277,NA
"1473","Ratio12","Ratio12","Ratio12","Ratio12","Ratio12",0.999373899966898,NA
"1474","Ratio32","Ratio32","Ratio32","Ratio32","Ratio32",0.91736795003583,NA
"1475","Ratio42","Ratio42","Ratio42","Ratio42","Ratio42",0.804041993782581,NA
"1476","mean.1.rQuant.All","rQuant","1","All","1",0.105891597394095,NA
"1477","min.1.rQuant.All","rQuant","1","All","1",0.0370993053016744,NA
"1478","max.1.rQuant.All","rQuant","1","All","1",0.378030699710757,NA
"1479","range.1.rQuant.All","rQuant","1","All","1",0.340931394409083,NA
"1480","slope.1.rQuant.All","rQuant","1","All","1",0.00290434088583169,NA
"1481","mean.1.rSigma.All","rSigma","2","All","1",4.23308815928868,NA
"1482","min.1.rSigma.All","rSigma","2","All","1",2.73337422705389,NA
"1483","max.1.rSigma.All","rSigma","2","All","1",5.4888048668916,NA
"1484","range.1.rSigma.All","rSigma","2","All","1",2.75543063983771,NA
"1485","slope.1.rSigma.All","rSigma","2","All","1",0.0509883179399891,NA
"1486","mean.1.rConnect.All","rConnect","3","All","1",0.302237453856208,NA
"1487","min.1.rConnect.All","rConnect","3","All","1",0.217221284546888,NA
"1488","max.1.rConnect.All","rConnect","3","All","1",0.598738049297076,NA
"1489","range.1.rConnect.All","rConnect","3","All","1",0.381516764750188,NA
"1490","slope.1.rConnect.All","rConnect","3","All","1",-0.00481466047263557,NA
"1491","mean.1.rTau1.All","rTau1","4","All","1",1594.89056027789,NA
"1492","min.1.rTau1.All","rTau1","4","All","1",740.300412662968,NA
"1493","max.1.rTau1.All","rTau1","4","All","1",3088.78898517809,NA
"1494","range.1.rTau1.All","rTau1","4","All","1",2348.48857251512,NA
"1495","slope.1.rTau1.All","rTau1","4","All","1",-39.6581311523745,NA
"1496","mean.1.rTau2.All","rTau2","5","All","1",6951767.0445194,NA
"1497","min.1.rTau2.All","rTau2","5","All","1",900707.902717502,NA
"1498","max.1.rTau2.All","rTau2","5","All","1",17056043.7875676,NA
"1499","range.1.rTau2.All","rTau2","5","All","1",16155335.8848501,NA
"1500","slope.1.rTau2.All","rTau2","5","All","1",-197710.025709364,NA
"1501","mean.1.rNPQ.All","rNPQ","6","All","1",0.276561528605347,NA
"1502","min.1.rNPQ.All","rNPQ","6","All","1",0.0644293246574954,NA
"1503","max.1.rNPQ.All","rNPQ","6","All","1",0.763206672443111,NA
"1504","range.1.rNPQ.All","rNPQ","6","All","1",0.698777347785616,NA
"1505","slope.1.rNPQ.All","rNPQ","6","All","1",0.00694369134659434,NA
"1506","mean.1.rqP.All","rqP","7","All","1",0.623916106325913,NA
"1507","min.1.rqP.All","rqP","7","All","1",0.214564550948322,NA
"1508","max.1.rqP.All","rqP","7","All","1",1.40930569049233,NA
"1509","range.1.rqP.All","rqP","7","All","1",1.19474113954401,NA
"1510","slope.1.rqP.All","rqP","7","All","1",0.0163172579188222,NA
"1511","mean.1.rABQ.All","rABQ","8","All","1",0.102653518740665,NA
"1512","min.1.rABQ.All","rABQ","8","All","1",-0.16353818968229,NA
"1513","max.1.rABQ.All","rABQ","8","All","1",0.42056870721447,NA
"1514","range.1.rABQ.All","rABQ","8","All","1",0.58410689689676,NA
"1515","slope.1.rABQ.All","rABQ","8","All","1",-0.0108087018193521,NA
"1516","mean.1.rqm.All","rqm","9","All","1",0.71988624872235,NA
"1517","min.1.rqm.All","rqm","9","All","1",0,NA
"1518","max.1.rqm.All","rqm","9","All","1",0.901861660097817,NA
"1519","range.1.rqm.All","rqm","9","All","1",0.901861660097817,NA
"1520","slope.1.rqm.All","rqm","9","All","1",-0.00768281752792531,NA
"1521","mean.2.rQuant.All","rQuant","1","All","2",0.101956872162638,NA
"1522","min.2.rQuant.All","rQuant","1","All","2",0.030498196489149,NA
"1523","max.2.rQuant.All","rQuant","1","All","2",0.356844943743214,NA
"1524","range.2.rQuant.All","rQuant","1","All","2",0.326346747254065,NA
"1525","slope.2.rQuant.All","rQuant","1","All","2",0.0029263554277665,NA
"1526","mean.2.rSigma.All","rSigma","2","All","2",3.86421233121064,NA
"1527","min.2.rSigma.All","rSigma","2","All","2",2.4042633520187,NA
"1528","max.2.rSigma.All","rSigma","2","All","2",5.31855251917128,NA
"1529","range.2.rSigma.All","rSigma","2","All","2",2.91428916715258,NA
"1530","slope.2.rSigma.All","rSigma","2","All","2",0.0579826511089778,NA
"1531","mean.2.rConnect.All","rConnect","3","All","2",0.368019899588635,NA
"1532","min.2.rConnect.All","rConnect","3","All","2",0.194771790493063,NA
"1533","max.2.rConnect.All","rConnect","3","All","2",0.755557392708605,NA
"1534","range.2.rConnect.All","rConnect","3","All","2",0.560785602215542,NA
"1535","slope.2.rConnect.All","rConnect","3","All","2",-0.00658168258746686,NA
"1536","mean.2.rTau1.All","rTau1","4","All","2",1581.77202498518,NA
"1537","min.2.rTau1.All","rTau1","4","All","2",754.751294391482,NA
"1538","max.2.rTau1.All","rTau1","4","All","2",3165.50146714453,NA
"1539","range.2.rTau1.All","rTau1","4","All","2",2410.75017275305,NA
"1540","slope.2.rTau1.All","rTau1","4","All","2",-25.3117347787239,NA
"1541","mean.2.rTau2.All","rTau2","5","All","2",6184389.13240653,NA
"1542","min.2.rTau2.All","rTau2","5","All","2",780446.109677802,NA
"1543","max.2.rTau2.All","rTau2","5","All","2",13016260.4465304,NA
"1544","range.2.rTau2.All","rTau2","5","All","2",12235814.3368526,NA
"1545","slope.2.rTau2.All","rTau2","5","All","2",-101730.340830395,NA
"1546","mean.2.rNPQ.All","rNPQ","6","All","2",0.268694598132865,NA
"1547","min.2.rNPQ.All","rNPQ","6","All","2",0.0534079050296912,NA
"1548","max.2.rNPQ.All","rNPQ","6","All","2",0.768365833825171,NA
"1549","range.2.rNPQ.All","rNPQ","6","All","2",0.71495792879548,NA
"1550","slope.2.rNPQ.All","rNPQ","6","All","2",0.00647691666452589,NA
"1551","mean.2.rqP.All","rqP","7","All","2",0.623376309620439,NA
"1552","min.2.rqP.All","rqP","7","All","2",0.195817970970797,NA
"1553","max.2.rqP.All","rqP","7","All","2",1.4204172405254,NA
"1554","range.2.rqP.All","rqP","7","All","2",1.2245992695546,NA
"1555","slope.2.rqP.All","rqP","7","All","2",0.0164797062308635,NA
"1556","mean.2.rABQ.All","rABQ","8","All","2",0.14513468745605,NA
"1557","min.2.rABQ.All","rABQ","8","All","2",-0.176603579689508,NA
"1558","max.2.rABQ.All","rABQ","8","All","2",0.468113766611393,NA
"1559","range.2.rABQ.All","rABQ","8","All","2",0.644717346300901,NA
"1560","slope.2.rABQ.All","rABQ","8","All","2",-0.0128272861100451,NA
"1561","mean.2.rqm.All","rqm","9","All","2",0.714282424480682,NA
"1562","min.2.rqm.All","rqm","9","All","2",0,NA
"1563","max.2.rqm.All","rqm","9","All","2",0.914533757521599,NA
"1564","range.2.rqm.All","rqm","9","All","2",0.914533757521599,NA
"1565","slope.2.rqm.All","rqm","9","All","2",-0.00820063581977587,NA
"1566","mean.3.rQuant.All","rQuant","1","All","3",0.104232396590099,NA
"1567","min.3.rQuant.All","rQuant","1","All","3",0.0374047670553586,NA
"1568","max.3.rQuant.All","rQuant","1","All","3",0.355247458932402,NA
"1569","range.3.rQuant.All","rQuant","1","All","3",0.317842691877043,NA
"1570","slope.3.rQuant.All","rQuant","1","All","3",0.00290824051799268,NA
"1571","mean.3.rSigma.All","rSigma","2","All","3",3.66074494059783,NA
"1572","min.3.rSigma.All","rSigma","2","All","3",2.6260040804608,NA
"1573","max.3.rSigma.All","rSigma","2","All","3",4.77141529472652,NA
"1574","range.3.rSigma.All","rSigma","2","All","3",2.14541121426572,NA
"1575","slope.3.rSigma.All","rSigma","2","All","3",0.041985210835298,NA
"1576","mean.3.rConnect.All","rConnect","3","All","3",0.31121488488979,NA
"1577","min.3.rConnect.All","rConnect","3","All","3",0.0998743754842353,NA
"1578","max.3.rConnect.All","rConnect","3","All","3",0.618964679896196,NA
"1579","range.3.rConnect.All","rConnect","3","All","3",0.519090304411961,NA
"1580","slope.3.rConnect.All","rConnect","3","All","3",-0.00573831034500414,NA
"1581","mean.3.rTau1.All","rTau1","4","All","3",1421.28033262993,NA
"1582","min.3.rTau1.All","rTau1","4","All","3",698.547646598759,NA
"1583","max.3.rTau1.All","rTau1","4","All","3",3900.47631335335,NA
"1584","range.3.rTau1.All","rTau1","4","All","3",3201.92866675459,NA
"1585","slope.3.rTau1.All","rTau1","4","All","3",-32.4920994256273,NA
"1586","mean.3.rTau2.All","rTau2","5","All","3",6418408.11005941,NA
"1587","min.3.rTau2.All","rTau2","5","All","3",959047.787894963,NA
"1588","max.3.rTau2.All","rTau2","5","All","3",13617019.2403283,NA
"1589","range.3.rTau2.All","rTau2","5","All","3",12657971.4524333,NA
"1590","slope.3.rTau2.All","rTau2","5","All","3",-72058.8262977652,NA
"1591","mean.3.rNPQ.All","rNPQ","6","All","3",0.308807418896776,NA
"1592","min.3.rNPQ.All","rNPQ","6","All","3",0.0893232048529066,NA
"1593","max.3.rNPQ.All","rNPQ","6","All","3",0.835190656327356,NA
"1594","range.3.rNPQ.All","rNPQ","6","All","3",0.745867451474449,NA
"1595","slope.3.rNPQ.All","rNPQ","6","All","3",0.00672764270474761,NA
"1596","mean.3.rqP.All","rqP","7","All","3",0.648689320336089,NA
"1597","min.3.rqP.All","rqP","7","All","3",0.249257887685546,NA
"1598","max.3.rqP.All","rqP","7","All","3",1.38982082527697,NA
"1599","range.3.rqP.All","rqP","7","All","3",1.14056293759142,NA
"1600","slope.3.rqP.All","rqP","7","All","3",0.0153667952188235,NA
"1601","mean.3.rABQ.All","rABQ","8","All","3",0.0988185969946638,NA
"1602","min.3.rABQ.All","rABQ","8","All","3",-0.174599924167498,NA
"1603","max.3.rABQ.All","rABQ","8","All","3",0.353545226469416,NA
"1604","range.3.rABQ.All","rABQ","8","All","3",0.528145150636914,NA
"1605","slope.3.rABQ.All","rABQ","8","All","3",-0.0103356808026756,NA
"1606","mean.3.rqm.All","rqm","9","All","3",0.706592140297524,NA
"1607","min.3.rqm.All","rqm","9","All","3",0,NA
"1608","max.3.rqm.All","rqm","9","All","3",0.894707854722541,NA
"1609","range.3.rqm.All","rqm","9","All","3",0.894707854722541,NA
"1610","slope.3.rqm.All","rqm","9","All","3",-0.0081865202547334,NA
"1611","mean.4.rQuant.All","rQuant","1","All","4",0.105125979788082,NA
"1612","min.4.rQuant.All","rQuant","1","All","4",0.0358203026806663,NA
"1613","max.4.rQuant.All","rQuant","1","All","4",0.350468436042825,NA
"1614","range.4.rQuant.All","rQuant","1","All","4",0.314648133362159,NA
"1615","slope.4.rQuant.All","rQuant","1","All","4",0.00300327595725921,NA
"1616","mean.4.rSigma.All","rSigma","2","All","4",3.62396036418037,NA
"1617","min.4.rSigma.All","rSigma","2","All","4",2.31553144767501,NA
"1618","max.4.rSigma.All","rSigma","2","All","4",4.62602903125456,NA
"1619","range.4.rSigma.All","rSigma","2","All","4",2.31049758357955,NA
"1620","slope.4.rSigma.All","rSigma","2","All","4",0.0390721890047288,NA
"1621","mean.4.rConnect.All","rConnect","3","All","4",0.309308017682643,NA
"1622","min.4.rConnect.All","rConnect","3","All","4",0.0570059208655791,NA
"1623","max.4.rConnect.All","rConnect","3","All","4",0.511887326513889,NA
"1624","range.4.rConnect.All","rConnect","3","All","4",0.45488140564831,NA
"1625","slope.4.rConnect.All","rConnect","3","All","4",-0.00353437233083525,NA
"1626","mean.4.rTau1.All","rTau1","4","All","4",1120.97907925678,NA
"1627","min.4.rTau1.All","rTau1","4","All","4",586.968923966523,NA
"1628","max.4.rTau1.All","rTau1","4","All","4",2263.7533783065,NA
"1629","range.4.rTau1.All","rTau1","4","All","4",1676.78445433998,NA
"1630","slope.4.rTau1.All","rTau1","4","All","4",-15.2330139161387,NA
"1631","mean.4.rTau2.All","rTau2","5","All","4",6558753.9780681,NA
"1632","min.4.rTau2.All","rTau2","5","All","4",1065414.32515895,NA
"1633","max.4.rTau2.All","rTau2","5","All","4",23476633.3654187,NA
"1634","range.4.rTau2.All","rTau2","5","All","4",22411219.0402597,NA
"1635","slope.4.rTau2.All","rTau2","5","All","4",-55644.2024661225,NA
"1636","mean.4.rNPQ.All","rNPQ","6","All","4",0.337691594796542,NA
"1637","min.4.rNPQ.All","rNPQ","6","All","4",0.119947400187748,NA
"1638","max.4.rNPQ.All","rNPQ","6","All","4",0.868604958037092,NA
"1639","range.4.rNPQ.All","rNPQ","6","All","4",0.748657557849344,NA
"1640","slope.4.rNPQ.All","rNPQ","6","All","4",0.00693262678666371,NA
"1641","mean.4.rqP.All","rqP","7","All","4",0.664459204224758,NA
"1642","min.4.rqP.All","rqP","7","All","4",0.290049999074697,NA
"1643","max.4.rqP.All","rqP","7","All","4",1.36052158135435,NA
"1644","range.4.rqP.All","rqP","7","All","4",1.07047158227965,NA
"1645","slope.4.rqP.All","rqP","7","All","4",0.0147098225866419,NA
"1646","mean.4.rABQ.All","rABQ","8","All","4",0.0223308242618266,NA
"1647","min.4.rABQ.All","rABQ","8","All","4",-0.248006472319798,NA
"1648","max.4.rABQ.All","rABQ","8","All","4",0.375317747892573,NA
"1649","range.4.rABQ.All","rABQ","8","All","4",0.623324220212371,NA
"1650","slope.4.rABQ.All","rABQ","8","All","4",-0.0105408644079304,NA
"1651","mean.4.rqm.All","rqm","9","All","4",0.700041518788195,NA
"1652","min.4.rqm.All","rqm","9","All","4",0,NA
"1653","max.4.rqm.All","rqm","9","All","4",0.897793070653902,NA
"1654","range.4.rqm.All","rqm","9","All","4",0.897793070653902,NA
"1655","slope.4.rqm.All","rqm","9","All","4",-0.00856931936915492,NA
"1656","mean.1.rQuant.L1","rQuant","1","L1","1",0.0429454600711573,NA
"1657","min.1.rQuant.L1","rQuant","1","L1","1",0.0370993053016744,NA
"1658","max.1.rQuant.L1","rQuant","1","L1","1",0.0566241999370047,NA
"1659","range.1.rQuant.L1","rQuant","1","L1","1",0.0195248946353303,NA
"1660","slope.1.rQuant.L1","rQuant","1","L1","1",0.00246923474638621,NA
"1661","mean.1.rSigma.L1","rSigma","2","L1","1",3.43352867952282,NA
"1662","min.1.rSigma.L1","rSigma","2","L1","1",2.73337422705389,NA
"1663","max.1.rSigma.L1","rSigma","2","L1","1",3.85642008384905,NA
"1664","range.1.rSigma.L1","rSigma","2","L1","1",1.12304585679516,NA
"1665","slope.1.rSigma.L1","rSigma","2","L1","1",0.129148308754704,NA
"1666","mean.1.rConnect.L1","rConnect","3","L1","1",0.377484332163457,NA
"1667","min.1.rConnect.L1","rConnect","3","L1","1",0.240698152697122,NA
"1668","max.1.rConnect.L1","rConnect","3","L1","1",0.598738049297076,NA
"1669","range.1.rConnect.L1","rConnect","3","L1","1",0.358039896599954,NA
"1670","slope.1.rConnect.L1","rConnect","3","L1","1",-0.0421638504699706,NA
"1671","mean.1.rTau1.L1","rTau1","4","L1","1",2233.62071103049,NA
"1672","min.1.rTau1.L1","rTau1","4","L1","1",1413.85205459833,NA
"1673","max.1.rTau1.L1","rTau1","4","L1","1",3088.78898517809,NA
"1674","range.1.rTau1.L1","rTau1","4","L1","1",1674.93693057976,NA
"1675","slope.1.rTau1.L1","rTau1","4","L1","1",-282.101376927497,NA
"1676","mean.1.rTau2.L1","rTau2","5","L1","1",11176128.6510668,NA
"1677","min.1.rTau2.L1","rTau2","5","L1","1",4222140.24111017,NA
"1678","max.1.rTau2.L1","rTau2","5","L1","1",17056043.7875676,NA
"1679","range.1.rTau2.L1","rTau2","5","L1","1",12833903.5464574,NA
"1680","slope.1.rTau2.L1","rTau2","5","L1","1",1711940.50869875,NA
"1681","mean.1.rNPQ.L1","rNPQ","6","L1","1",0.14372403137766,NA
"1682","min.1.rNPQ.L1","rNPQ","6","L1","1",0.0644293246574954,NA
"1683","max.1.rNPQ.L1","rNPQ","6","L1","1",0.222880466062439,NA
"1684","range.1.rNPQ.L1","rNPQ","6","L1","1",0.158451141404944,NA
"1685","slope.1.rNPQ.L1","rNPQ","6","L1","1",0.0264992401744152,NA
"1686","mean.1.rqP.L1","rqP","7","L1","1",0.350994347944577,NA
"1687","min.1.rqP.L1","rqP","7","L1","1",0.214564550948322,NA
"1688","max.1.rqP.L1","rqP","7","L1","1",0.497665455038642,NA
"1689","range.1.rqP.L1","rqP","7","L1","1",0.28310090409032,NA
"1690","slope.1.rqP.L1","rqP","7","L1","1",0.0468479688476478,NA
"1691","mean.1.rABQ.L1","rABQ","8","L1","1",0.272147245005511,NA
"1692","min.1.rABQ.L1","rABQ","8","L1","1",0.182501081413509,NA
"1693","max.1.rABQ.L1","rABQ","8","L1","1",0.42056870721447,NA
"1694","range.1.rABQ.L1","rABQ","8","L1","1",0.238067625800961,NA
"1695","slope.1.rABQ.L1","rABQ","8","L1","1",-0.0273773604661004,NA
"1696","mean.1.rqm.L1","rqm","9","L1","1",0.886396898177804,NA
"1697","min.1.rqm.L1","rqm","9","L1","1",0.850212694417862,NA
"1698","max.1.rqm.L1","rqm","9","L1","1",0.901861660097817,NA
"1699","range.1.rqm.L1","rqm","9","L1","1",0.051648965679955,NA
"1700","slope.1.rqm.L1","rqm","9","L1","1",-0.00653183656320899,NA
"1701","mean.2.rQuant.L1","rQuant","1","L1","2",0.0391041151144725,NA
"1702","min.2.rQuant.L1","rQuant","1","L1","2",0.030498196489149,NA
"1703","max.2.rQuant.L1","rQuant","1","L1","2",0.0506313147222399,NA
"1704","range.2.rQuant.L1","rQuant","1","L1","2",0.0201331182330909,NA
"1705","slope.2.rQuant.L1","rQuant","1","L1","2",0.00189750310646699,NA
"1706","mean.2.rSigma.L1","rSigma","2","L1","2",3.02553281092419,NA
"1707","min.2.rSigma.L1","rSigma","2","L1","2",2.4042633520187,NA
"1708","max.2.rSigma.L1","rSigma","2","L1","2",3.76163991171055,NA
"1709","range.2.rSigma.L1","rSigma","2","L1","2",1.35737655969185,NA
"1710","slope.2.rSigma.L1","rSigma","2","L1","2",0.215004524429164,NA
"1711","mean.2.rConnect.L1","rConnect","3","L1","2",0.490928162200331,NA
"1712","min.2.rConnect.L1","rConnect","3","L1","2",0.219042506893423,NA
"1713","max.2.rConnect.L1","rConnect","3","L1","2",0.755557392708605,NA
"1714","range.2.rConnect.L1","rConnect","3","L1","2",0.536514885815182,NA
"1715","slope.2.rConnect.L1","rConnect","3","L1","2",-0.0280554532154326,NA
"1716","mean.2.rTau1.L1","rTau1","4","L1","2",2031.7632433931,NA
"1717","min.2.rTau1.L1","rTau1","4","L1","2",1092.57778011368,NA
"1718","max.2.rTau1.L1","rTau1","4","L1","2",3165.50146714453,NA
"1719","range.2.rTau1.L1","rTau1","4","L1","2",2072.92368703085,NA
"1720","slope.2.rTau1.L1","rTau1","4","L1","2",-291.857648412094,NA
"1721","mean.2.rTau2.L1","rTau2","5","L1","2",8313494.22388268,NA
"1722","min.2.rTau2.L1","rTau2","5","L1","2",4303951.61149445,NA
"1723","max.2.rTau2.L1","rTau2","5","L1","2",12064036.4347721,NA
"1724","range.2.rTau2.L1","rTau2","5","L1","2",7760084.82327765,NA
"1725","slope.2.rTau2.L1","rTau2","5","L1","2",1320241.99407628,NA
"1726","mean.2.rNPQ.L1","rNPQ","6","L1","2",0.141084956219853,NA
"1727","min.2.rNPQ.L1","rNPQ","6","L1","2",0.0534079050296912,NA
"1728","max.2.rNPQ.L1","rNPQ","6","L1","2",0.220833018725669,NA
"1729","range.2.rNPQ.L1","rNPQ","6","L1","2",0.167425113695978,NA
"1730","slope.2.rNPQ.L1","rNPQ","6","L1","2",0.0282126218552285,NA
"1731","mean.2.rqP.L1","rqP","7","L1","2",0.347518862199344,NA
"1732","min.2.rqP.L1","rqP","7","L1","2",0.195817970970797,NA
"1733","max.2.rqP.L1","rqP","7","L1","2",0.496375889037916,NA
"1734","range.2.rqP.L1","rqP","7","L1","2",0.300557918067119,NA
"1735","slope.2.rqP.L1","rqP","7","L1","2",0.0503570621990277,NA
"1736","mean.2.rABQ.L1","rABQ","8","L1","2",0.330672636404435,NA
"1737","min.2.rABQ.L1","rABQ","8","L1","2",0.167826402076933,NA
"1738","max.2.rABQ.L1","rABQ","8","L1","2",0.468113766611393,NA
"1739","range.2.rABQ.L1","rABQ","8","L1","2",0.30028736453446,NA
"1740","slope.2.rABQ.L1","rABQ","8","L1","2",-0.0475646507543018,NA
"1741","mean.2.rqm.L1","rqm","9","L1","2",0.890417068253006,NA
"1742","min.2.rqm.L1","rqm","9","L1","2",0.858113963473518,NA
"1743","max.2.rqm.L1","rqm","9","L1","2",0.914533757521599,NA
"1744","range.2.rqm.L1","rqm","9","L1","2",0.0564197940480811,NA
"1745","slope.2.rqm.L1","rqm","9","L1","2",-0.00531744428423916,NA
"1746","mean.3.rQuant.L1","rQuant","1","L1","3",0.0430037221492809,NA
"1747","min.3.rQuant.L1","rQuant","1","L1","3",0.0374047670553586,NA
"1748","max.3.rQuant.L1","rQuant","1","L1","3",0.0516642448215293,NA
"1749","range.3.rQuant.L1","rQuant","1","L1","3",0.0142594777661707,NA
"1750","slope.3.rQuant.L1","rQuant","1","L1","3",0.00225197320750112,NA
"1751","mean.3.rSigma.L1","rSigma","2","L1","3",3.07892947317177,NA
"1752","min.3.rSigma.L1","rSigma","2","L1","3",2.6260040804608,NA
"1753","max.3.rSigma.L1","rSigma","2","L1","3",3.59772198041156,NA
"1754","range.3.rSigma.L1","rSigma","2","L1","3",0.97171789995076,NA
"1755","slope.3.rSigma.L1","rSigma","2","L1","3",0.153986104444278,NA
"1756","mean.3.rConnect.L1","rConnect","3","L1","3",0.412524736700991,NA
"1757","min.3.rConnect.L1","rConnect","3","L1","3",0.210276858574305,NA
"1758","max.3.rConnect.L1","rConnect","3","L1","3",0.618964679896196,NA
"1759","range.3.rConnect.L1","rConnect","3","L1","3",0.408687821321891,NA
"1760","slope.3.rConnect.L1","rConnect","3","L1","3",-0.0548694674253778,NA
"1761","mean.3.rTau1.L1","rTau1","4","L1","3",1915.31033739704,NA
"1762","min.3.rTau1.L1","rTau1","4","L1","3",993.541532600617,NA
"1763","max.3.rTau1.L1","rTau1","4","L1","3",3900.47631335335,NA
"1764","range.3.rTau1.L1","rTau1","4","L1","3",2906.93478075273,NA
"1765","slope.3.rTau1.L1","rTau1","4","L1","3",-326.37650196487,NA
"1766","mean.3.rTau2.L1","rTau2","5","L1","3",8173593.92655341,NA
"1767","min.3.rTau2.L1","rTau2","5","L1","3",4402308.59239074,NA
"1768","max.3.rTau2.L1","rTau2","5","L1","3",11893166.0828482,NA
"1769","range.3.rTau2.L1","rTau2","5","L1","3",7490857.49045746,NA
"1770","slope.3.rTau2.L1","rTau2","5","L1","3",780885.218239214,NA
"1771","mean.3.rNPQ.L1","rNPQ","6","L1","3",0.17377911686811,NA
"1772","min.3.rNPQ.L1","rNPQ","6","L1","3",0.0893232048529066,NA
"1773","max.3.rNPQ.L1","rNPQ","6","L1","3",0.258092727935708,NA
"1774","range.3.rNPQ.L1","rNPQ","6","L1","3",0.168769523082801,NA
"1775","slope.3.rNPQ.L1","rNPQ","6","L1","3",0.0285528224909744,NA
"1776","mean.3.rqP.L1","rqP","7","L1","3",0.391137007275863,NA
"1777","min.3.rqP.L1","rqP","7","L1","3",0.249257887685546,NA
"1778","max.3.rqP.L1","rqP","7","L1","3",0.52752326768447,NA
"1779","range.3.rqP.L1","rqP","7","L1","3",0.278265379998924,NA
"1780","slope.3.rqP.L1","rqP","7","L1","3",0.046642141586896,NA
"1781","mean.3.rABQ.L1","rABQ","8","L1","3",0.242046625096397,NA
"1782","min.3.rABQ.L1","rABQ","8","L1","3",0.114333231475845,NA
"1783","max.3.rABQ.L1","rABQ","8","L1","3",0.353545226469416,NA
"1784","range.3.rABQ.L1","rABQ","8","L1","3",0.239211994993571,NA
"1785","slope.3.rABQ.L1","rABQ","8","L1","3",-0.0379074248269696,NA
"1786","mean.3.rqm.L1","rqm","9","L1","3",0.878947136515722,NA
"1787","min.3.rqm.L1","rqm","9","L1","3",0.854568291700687,NA
"1788","max.3.rqm.L1","rqm","9","L1","3",0.894707854722541,NA
"1789","range.3.rqm.L1","rqm","9","L1","3",0.040139563021854,NA
"1790","slope.3.rqm.L1","rqm","9","L1","3",-0.00633916767277876,NA
"1791","mean.4.rQuant.L1","rQuant","1","L1","4",0.0441156025899082,NA
"1792","min.4.rQuant.L1","rQuant","1","L1","4",0.0358203026806663,NA
"1793","max.4.rQuant.L1","rQuant","1","L1","4",0.0535177035251998,NA
"1794","range.4.rQuant.L1","rQuant","1","L1","4",0.0176974008445335,NA
"1795","slope.4.rQuant.L1","rQuant","1","L1","4",0.00257709294673079,NA
"1796","mean.4.rSigma.L1","rSigma","2","L1","4",3.08129157966655,NA
"1797","min.4.rSigma.L1","rSigma","2","L1","4",2.31553144767501,NA
"1798","max.4.rSigma.L1","rSigma","2","L1","4",3.86480729938638,NA
"1799","range.4.rSigma.L1","rSigma","2","L1","4",1.54927585171137,NA
"1800","slope.4.rSigma.L1","rSigma","2","L1","4",0.24634594665909,NA
"1801","mean.4.rConnect.L1","rConnect","3","L1","4",0.359843162690784,NA
"1802","min.4.rConnect.L1","rConnect","3","L1","4",0.0570059208655791,NA
"1803","max.4.rConnect.L1","rConnect","3","L1","4",0.49546244761722,NA
"1804","range.4.rConnect.L1","rConnect","3","L1","4",0.438456526751641,NA
"1805","slope.4.rConnect.L1","rConnect","3","L1","4",-0.0399659856982805,NA
"1806","mean.4.rTau1.L1","rTau1","4","L1","4",1403.30922271898,NA
"1807","min.4.rTau1.L1","rTau1","4","L1","4",940.669576731495,NA
"1808","max.4.rTau1.L1","rTau1","4","L1","4",2263.7533783065,NA
"1809","range.4.rTau1.L1","rTau1","4","L1","4",1323.08380157501,NA
"1810","slope.4.rTau1.L1","rTau1","4","L1","4",-193.448726524684,NA
"1811","mean.4.rTau2.L1","rTau2","5","L1","4",7802186.44944969,NA
"1812","min.4.rTau2.L1","rTau2","5","L1","4",4223671.17870205,NA
"1813","max.4.rTau2.L1","rTau2","5","L1","4",9652018.74449558,NA
"1814","range.4.rTau2.L1","rTau2","5","L1","4",5428347.56579353,NA
"1815","slope.4.rTau2.L1","rTau2","5","L1","4",560625.288162648,NA
"1816","mean.4.rNPQ.L1","rNPQ","6","L1","4",0.199604605481128,NA
"1817","min.4.rNPQ.L1","rNPQ","6","L1","4",0.119947400187748,NA
"1818","max.4.rNPQ.L1","rNPQ","6","L1","4",0.27897749968716,NA
"1819","range.4.rNPQ.L1","rNPQ","6","L1","4",0.159030099499412,NA
"1820","slope.4.rNPQ.L1","rNPQ","6","L1","4",0.027603253242352,NA
"1821","mean.4.rqP.L1","rqP","7","L1","4",0.419734790858811,NA
"1822","min.4.rqP.L1","rqP","7","L1","4",0.290049999074697,NA
"1823","max.4.rqP.L1","rqP","7","L1","4",0.542145127632518,NA
"1824","range.4.rqP.L1","rqP","7","L1","4",0.252095128557821,NA
"1825","slope.4.rqP.L1","rqP","7","L1","4",0.0427825930105887,NA
"1826","mean.4.rABQ.L1","rABQ","8","L1","4",0.168731581979401,NA
"1827","min.4.rABQ.L1","rABQ","8","L1","4",-0.042644672421118,NA
"1828","max.4.rABQ.L1","rABQ","8","L1","4",0.375317747892573,NA
"1829","range.4.rABQ.L1","rABQ","8","L1","4",0.417962420313691,NA
"1830","slope.4.rABQ.L1","rABQ","8","L1","4",-0.0664590156661672,NA
"1831","mean.4.rqm.L1","rqm","9","L1","4",0.874123892331013,NA
"1832","min.4.rqm.L1","rqm","9","L1","4",0.84729665207665,NA
"1833","max.4.rqm.L1","rqm","9","L1","4",0.897793070653902,NA
"1834","range.4.rqm.L1","rqm","9","L1","4",0.0504964185772521,NA
"1835","slope.4.rqm.L1","rqm","9","L1","4",-0.00735328115658282,NA
"1836","mean.1.rQuant.L2","rQuant","1","L2","1",0.108755001350275,NA
"1837","min.1.rQuant.L2","rQuant","1","L2","1",0.0889221109391886,NA
"1838","max.1.rQuant.L2","rQuant","1","L2","1",0.125797363233332,NA
"1839","range.1.rQuant.L2","rQuant","1","L2","1",0.0368752522941434,NA
"1840","slope.1.rQuant.L2","rQuant","1","L2","1",0.00727526388022665,NA
"1841","mean.1.rSigma.L2","rSigma","2","L2","1",4.95204557331894,NA
"1842","min.1.rSigma.L2","rSigma","2","L2","1",4.69692844253864,NA
"1843","max.1.rSigma.L2","rSigma","2","L2","1",5.04699592464448,NA
"1844","range.1.rSigma.L2","rSigma","2","L2","1",0.35006748210584,NA
"1845","slope.1.rSigma.L2","rSigma","2","L2","1",0.0340772666483254,NA
"1846","mean.1.rConnect.L2","rConnect","3","L2","1",0.233576068215333,NA
"1847","min.1.rConnect.L2","rConnect","3","L2","1",0.217221284546888,NA
"1848","max.1.rConnect.L2","rConnect","3","L2","1",0.264156141026145,NA
"1849","range.1.rConnect.L2","rConnect","3","L2","1",0.046934856479257,NA
"1850","slope.1.rConnect.L2","rConnect","3","L2","1",0.00068210110892894,NA
"1851","mean.1.rTau1.L2","rTau1","4","L2","1",1522.23498269832,NA
"1852","min.1.rTau1.L2","rTau1","4","L2","1",1297.46701421655,NA
"1853","max.1.rTau1.L2","rTau1","4","L2","1",1762.29344530714,NA
"1854","range.1.rTau1.L2","rTau1","4","L2","1",464.82643109059,NA
"1855","slope.1.rTau1.L2","rTau1","4","L2","1",0.213186146926141,NA
"1856","mean.1.rTau2.L2","rTau2","5","L2","1",4349120.51955305,NA
"1857","min.1.rTau2.L2","rTau2","5","L2","1",3581608.08666126,NA
"1858","max.1.rTau2.L2","rTau2","5","L2","1",5266301.26221522,NA
"1859","range.1.rTau2.L2","rTau2","5","L2","1",1684693.17555396,NA
"1860","slope.1.rTau2.L2","rTau2","5","L2","1",-208455.595282115,NA
"1861","mean.1.rNPQ.L2","rNPQ","6","L2","1",0.230380937057431,NA
"1862","min.1.rNPQ.L2","rNPQ","6","L2","1",0.20642899660863,NA
"1863","max.1.rNPQ.L2","rNPQ","6","L2","1",0.265054797165742,NA
"1864","range.1.rNPQ.L2","rNPQ","6","L2","1",0.058625800557112,NA
"1865","slope.1.rNPQ.L2","rNPQ","6","L2","1",-0.0107859931110506,NA
"1866","mean.1.rqP.L2","rqP","7","L2","1",0.600120839372012,NA
"1867","min.1.rqP.L2","rqP","7","L2","1",0.594648611398505,NA
"1868","max.1.rqP.L2","rqP","7","L2","1",0.609253502790036,NA
"1869","range.1.rqP.L2","rqP","7","L2","1",0.014604891391531,NA
"1870","slope.1.rqP.L2","rqP","7","L2","1",-0.000921256295975484,NA
"1871","mean.1.rABQ.L2","rABQ","8","L2","1",-0.049753868343797,NA
"1872","min.1.rABQ.L2","rABQ","8","L2","1",-0.0698818128727452,NA
"1873","max.1.rABQ.L2","rABQ","8","L2","1",0.00432685263347377,NA
"1874","range.1.rABQ.L2","rABQ","8","L2","1",0.074208665506219,NA
"1875","slope.1.rABQ.L2","rABQ","8","L2","1",-0.00722383143632636,NA
"1876","mean.1.rqm.L2","rqm","9","L2","1",0.712311721155222,NA
"1877","min.1.rqm.L2","rqm","9","L2","1",0.667229769091285,NA
"1878","max.1.rqm.L2","rqm","9","L2","1",0.76477542430489,NA
"1879","range.1.rqm.L2","rqm","9","L2","1",0.097545655213605,NA
"1880","slope.1.rqm.L2","rqm","9","L2","1",-0.0192451668232058,NA
"1881","mean.2.rQuant.L2","rQuant","1","L2","2",0.106348993544882,NA
"1882","min.2.rQuant.L2","rQuant","1","L2","2",0.0854016020872494,NA
"1883","max.2.rQuant.L2","rQuant","1","L2","2",0.121183905611715,NA
"1884","range.2.rQuant.L2","rQuant","1","L2","2",0.0357823035244656,NA
"1885","slope.2.rQuant.L2","rQuant","1","L2","2",0.00713328275610517,NA
"1886","mean.2.rSigma.L2","rSigma","2","L2","2",4.46968405575334,NA
"1887","min.2.rSigma.L2","rSigma","2","L2","2",4.1125801287607,NA
"1888","max.2.rSigma.L2","rSigma","2","L2","2",4.65390962676939,NA
"1889","range.2.rSigma.L2","rSigma","2","L2","2",0.54132949800869,NA
"1890","slope.2.rSigma.L2","rSigma","2","L2","2",0.081061380449807,NA
"1891","mean.2.rConnect.L2","rConnect","3","L2","2",0.241308179409569,NA
"1892","min.2.rConnect.L2","rConnect","3","L2","2",0.194771790493063,NA
"1893","max.2.rConnect.L2","rConnect","3","L2","2",0.276263665593209,NA
"1894","range.2.rConnect.L2","rConnect","3","L2","2",0.081491875100146,NA
"1895","slope.2.rConnect.L2","rConnect","3","L2","2",0.00496694184718172,NA
"1896","mean.2.rTau1.L2","rTau1","4","L2","2",1603.10220609033,NA
"1897","min.2.rTau1.L2","rTau1","4","L2","2",1529.75530533516,NA
"1898","max.2.rTau1.L2","rTau1","4","L2","2",1644.59947209867,NA
"1899","range.2.rTau1.L2","rTau1","4","L2","2",114.84416676351,NA
"1900","slope.2.rTau1.L2","rTau1","4","L2","2",-11.1823009035849,NA
"1901","mean.2.rTau2.L2","rTau2","5","L2","2",4600552.189705,NA
"1902","min.2.rTau2.L2","rTau2","5","L2","2",3557633.21299702,NA
"1903","max.2.rTau2.L2","rTau2","5","L2","2",6204999.22707499,NA
"1904","range.2.rTau2.L2","rTau2","5","L2","2",2647366.01407797,NA
"1905","slope.2.rTau2.L2","rTau2","5","L2","2",-556314.860967924,NA
"1906","mean.2.rNPQ.L2","rNPQ","6","L2","2",0.219558267266971,NA
"1907","min.2.rNPQ.L2","rNPQ","6","L2","2",0.199757035995804,NA
"1908","max.2.rNPQ.L2","rNPQ","6","L2","2",0.249589558377812,NA
"1909","range.2.rNPQ.L2","rNPQ","6","L2","2",0.049832522382008,NA
"1910","slope.2.rNPQ.L2","rNPQ","6","L2","2",-0.00961733789248325,NA
"1911","mean.2.rqP.L2","rqP","7","L2","2",0.596548610349525,NA
"1912","min.2.rqP.L2","rqP","7","L2","2",0.593362365014205,NA
"1913","max.2.rqP.L2","rqP","7","L2","2",0.59896220682143,NA
"1914","range.2.rqP.L2","rqP","7","L2","2",0.00559984180722495,NA
"1915","slope.2.rqP.L2","rqP","7","L2","2",0.000164608161958204,NA
"1916","mean.2.rABQ.L2","rABQ","8","L2","2",0.0111884312275355,NA
"1917","min.2.rABQ.L2","rABQ","8","L2","2",-0.0295671062136171,NA
"1918","max.2.rABQ.L2","rABQ","8","L2","2",0.0901892039577428,NA
"1919","range.2.rABQ.L2","rABQ","8","L2","2",0.11975631017136,NA
"1920","slope.2.rABQ.L2","rABQ","8","L2","2",-0.0179329075097066,NA
"1921","mean.2.rqm.L2","rqm","9","L2","2",0.701974217627108,NA
"1922","min.2.rqm.L2","rqm","9","L2","2",0.660401785883452,NA
"1923","max.2.rqm.L2","rqm","9","L2","2",0.760675880141643,NA
"1924","range.2.rqm.L2","rqm","9","L2","2",0.100274094258191,NA
"1925","slope.2.rqm.L2","rqm","9","L2","2",-0.0199898664144681,NA
"1926","mean.3.rQuant.L2","rQuant","1","L2","3",0.107935018100502,NA
"1927","min.3.rQuant.L2","rQuant","1","L2","3",0.0892249972337242,NA
"1928","max.3.rQuant.L2","rQuant","1","L2","3",0.121556146764285,NA
"1929","range.3.rQuant.L2","rQuant","1","L2","3",0.0323311495305608,NA
"1930","slope.3.rQuant.L2","rQuant","1","L2","3",0.00683490145730007,NA
"1931","mean.3.rSigma.L2","rSigma","2","L2","3",4.13218522296368,NA
"1932","min.3.rSigma.L2","rSigma","2","L2","3",3.8716888461324,NA
"1933","max.3.rSigma.L2","rSigma","2","L2","3",4.24593764824518,NA
"1934","range.3.rSigma.L2","rSigma","2","L2","3",0.37424880211278,NA
"1935","slope.3.rSigma.L2","rSigma","2","L2","3",0.0153224879359589,NA
"1936","mean.3.rConnect.L2","rConnect","3","L2","3",0.183116232758119,NA
"1937","min.3.rConnect.L2","rConnect","3","L2","3",0.0998743754842353,NA
"1938","max.3.rConnect.L2","rConnect","3","L2","3",0.249220618881475,NA
"1939","range.3.rConnect.L2","rConnect","3","L2","3",0.14934624339724,NA
"1940","slope.3.rConnect.L2","rConnect","3","L2","3",0.0276635527209397,NA
"1941","mean.3.rTau1.L2","rTau1","4","L2","3",1458.35307339354,NA
"1942","min.3.rTau1.L2","rTau1","4","L2","3",1310.59837898078,NA
"1943","max.3.rTau1.L2","rTau1","4","L2","3",1554.15284410834,NA
"1944","range.3.rTau1.L2","rTau1","4","L2","3",243.55446512756,NA
"1945","slope.3.rTau1.L2","rTau1","4","L2","3",5.11688215414874,NA
"1946","mean.3.rTau2.L2","rTau2","5","L2","3",4473331.62229065,NA
"1947","min.3.rTau2.L2","rTau2","5","L2","3",3286052.97866054,NA
"1948","max.3.rTau2.L2","rTau2","5","L2","3",6121275.85503149,NA
"1949","range.3.rTau2.L2","rTau2","5","L2","3",2835222.87637095,NA
"1950","slope.3.rTau2.L2","rTau2","5","L2","3",-375275.814058063,NA
"1951","mean.3.rNPQ.L2","rNPQ","6","L2","3",0.262112467281595,NA
"1952","min.3.rNPQ.L2","rNPQ","6","L2","3",0.241896984995443,NA
"1953","max.3.rNPQ.L2","rNPQ","6","L2","3",0.294422745692006,NA
"1954","range.3.rNPQ.L2","rNPQ","6","L2","3",0.052525760696563,NA
"1955","slope.3.rNPQ.L2","rNPQ","6","L2","3",-0.0104341389833615,NA
"1956","mean.3.rqP.L2","rqP","7","L2","3",0.628160917297715,NA
"1957","min.3.rqP.L2","rqP","7","L2","3",0.624600103217782,NA
"1958","max.3.rqP.L2","rqP","7","L2","3",0.63502334666315,NA
"1959","range.3.rqP.L2","rqP","7","L2","3",0.0104232434453679,NA
"1960","slope.3.rqP.L2","rqP","7","L2","3",-0.000894019099196794,NA
"1961","mean.3.rABQ.L2","rABQ","8","L2","3",-0.0172378947822011,NA
"1962","min.3.rABQ.L2","rABQ","8","L2","3",-0.0452408209280741,NA
"1963","max.3.rABQ.L2","rABQ","8","L2","3",0.046889624113524,NA
"1964","range.3.rABQ.L2","rABQ","8","L2","3",0.0921304450415981,NA
"1965","slope.3.rABQ.L2","rABQ","8","L2","3",-0.00377200307580155,NA
"1966","mean.3.rqm.L2","rqm","9","L2","3",0.696169485842711,NA
"1967","min.3.rqm.L2","rqm","9","L2","3",0.657826836736318,NA
"1968","max.3.rqm.L2","rqm","9","L2","3",0.748837057126699,NA
"1969","range.3.rqm.L2","rqm","9","L2","3",0.091010220390381,NA
"1970","slope.3.rqm.L2","rqm","9","L2","3",-0.0192398320816719,NA
"1971","mean.4.rQuant.L2","rQuant","1","L2","4",0.109085409452183,NA
"1972","min.4.rQuant.L2","rQuant","1","L2","4",0.0914733017410278,NA
"1973","max.4.rQuant.L2","rQuant","1","L2","4",0.122244612477537,NA
"1974","range.4.rQuant.L2","rQuant","1","L2","4",0.0307713107365092,NA
"1975","slope.4.rQuant.L2","rQuant","1","L2","4",0.00680841348256639,NA
"1976","mean.4.rSigma.L2","rSigma","2","L2","4",4.1780725041946,NA
"1977","min.4.rSigma.L2","rSigma","2","L2","4",3.9002684696583,NA
"1978","max.4.rSigma.L2","rSigma","2","L2","4",4.40906454985318,NA
"1979","range.4.rSigma.L2","rSigma","2","L2","4",0.50879608019488,NA
"1980","slope.4.rSigma.L2","rSigma","2","L2","4",-0.0835670112472305,NA
"1981","mean.4.rConnect.L2","rConnect","3","L2","4",0.219883475736528,NA
"1982","min.4.rConnect.L2","rConnect","3","L2","4",0.0991776070379488,NA
"1983","max.4.rConnect.L2","rConnect","3","L2","4",0.276582949319369,NA
"1984","range.4.rConnect.L2","rConnect","3","L2","4",0.17740534228142,NA
"1985","slope.4.rConnect.L2","rConnect","3","L2","4",-0.00826267797600044,NA
"1986","mean.4.rTau1.L2","rTau1","4","L2","4",1093.1765242405,NA
"1987","min.4.rTau1.L2","rTau1","4","L2","4",971.249762698438,NA
"1988","max.4.rTau1.L2","rTau1","4","L2","4",1180.56587919943,NA
"1989","range.4.rTau1.L2","rTau1","4","L2","4",209.316116500992,NA
"1990","slope.4.rTau1.L2","rTau1","4","L2","4",32.8913822625015,NA
"1991","mean.4.rTau2.L2","rTau2","5","L2","4",4388385.44101394,NA
"1992","min.4.rTau2.L2","rTau2","5","L2","4",3758846.02801048,NA
"1993","max.4.rTau2.L2","rTau2","5","L2","4",5138449.92915214,NA
"1994","range.4.rTau2.L2","rTau2","5","L2","4",1379603.90114166,NA
"1995","slope.4.rTau2.L2","rTau2","5","L2","4",-228805.811125156,NA
"1996","mean.4.rNPQ.L2","rNPQ","6","L2","4",0.291559119225495,NA
"1997","min.4.rNPQ.L2","rNPQ","6","L2","4",0.270496752086366,NA
"1998","max.4.rNPQ.L2","rNPQ","6","L2","4",0.316533103734282,NA
"1999","range.4.rNPQ.L2","rNPQ","6","L2","4",0.046036351647916,NA
"2000","slope.4.rNPQ.L2","rNPQ","6","L2","4",-0.0100944892080306,NA
"2001","mean.4.rqP.L2","rqP","7","L2","4",0.646892755268454,NA
"2002","min.4.rqP.L2","rqP","7","L2","4",0.643857741234384,NA
"2003","max.4.rqP.L2","rqP","7","L2","4",0.649989325669932,NA
"2004","range.4.rqP.L2","rqP","7","L2","4",0.00613158443554795,NA
"2005","slope.4.rqP.L2","rqP","7","L2","4",-0.000250408320501204,NA
"2006","mean.4.rABQ.L2","rABQ","8","L2","4",-0.127157112899086,NA
"2007","min.4.rABQ.L2","rABQ","8","L2","4",-0.189473965233693,NA
"2008","max.4.rABQ.L2","rABQ","8","L2","4",-0.052211359036441,NA
"2009","range.4.rABQ.L2","rABQ","8","L2","4",0.137262606197252,NA
"2010","slope.4.rABQ.L2","rABQ","8","L2","4",0.0225446425442515,NA
"2011","mean.4.rqm.L2","rqm","9","L2","4",0.688743983099085,NA
"2012","min.4.rqm.L2","rqm","9","L2","4",0.651196513278589,NA
"2013","max.4.rqm.L2","rqm","9","L2","4",0.738997032731785,NA
"2014","range.4.rqm.L2","rqm","9","L2","4",0.087800519453196,NA
"2015","slope.4.rqm.L2","rqm","9","L2","4",-0.0194266095955486,NA
"2016","mean.1.rQuant.L3","rQuant","1","L3","1",0.0490350402586225,NA
"2017","min.1.rQuant.L3","rQuant","1","L3","1",0.0445905178639419,NA
"2018","max.1.rQuant.L3","rQuant","1","L3","1",0.0562618486777011,NA
"2019","range.1.rQuant.L3","rQuant","1","L3","1",0.0116713308137592,NA
"2020","slope.1.rQuant.L3","rQuant","1","L3","1",0.0021590466738806,NA
"2021","mean.1.rSigma.L3","rSigma","2","L3","1",3.53758257877524,NA
"2022","min.1.rSigma.L3","rSigma","2","L3","1",3.33062209186741,NA
"2023","max.1.rSigma.L3","rSigma","2","L3","1",3.66183618056387,NA
"2024","range.1.rSigma.L3","rSigma","2","L3","1",0.33121408869646,NA
"2025","slope.1.rSigma.L3","rSigma","2","L3","1",0.0270045872089975,NA
"2026","mean.1.rConnect.L3","rConnect","3","L3","1",0.323406898227288,NA
"2027","min.1.rConnect.L3","rConnect","3","L3","1",0.24978934806892,NA
"2028","max.1.rConnect.L3","rConnect","3","L3","1",0.456290713746777,NA
"2029","range.1.rConnect.L3","rConnect","3","L3","1",0.206501365677857,NA
"2030","slope.1.rConnect.L3","rConnect","3","L3","1",-0.00211247684783917,NA
"2031","mean.1.rTau1.L3","rTau1","4","L3","1",1345.55315349656,NA
"2032","min.1.rTau1.L3","rTau1","4","L3","1",983.320982628923,NA
"2033","max.1.rTau1.L3","rTau1","4","L3","1",1890.18205067226,NA
"2034","range.1.rTau1.L3","rTau1","4","L3","1",906.861068043337,NA
"2035","slope.1.rTau1.L3","rTau1","4","L3","1",-118.756173906848,NA
"2036","mean.1.rTau2.L3","rTau2","5","L3","1",9591998.5559622,NA
"2037","min.1.rTau2.L3","rTau2","5","L3","1",7341582.52555552,NA
"2038","max.1.rTau2.L3","rTau2","5","L3","1",12424156.9357861,NA
"2039","range.1.rTau2.L3","rTau2","5","L3","1",5082574.41023058,NA
"2040","slope.1.rTau2.L3","rTau2","5","L3","1",-202838.546572159,NA
"2041","mean.1.rNPQ.L3","rNPQ","6","L3","1",0.285112604072515,NA
"2042","min.1.rNPQ.L3","rNPQ","6","L3","1",0.183377942437538,NA
"2043","max.1.rNPQ.L3","rNPQ","6","L3","1",0.386448502534088,NA
"2044","range.1.rNPQ.L3","rNPQ","6","L3","1",0.20307056009655,NA
"2045","slope.1.rNPQ.L3","rNPQ","6","L3","1",0.0325321891484569,NA
"2046","mean.1.rqP.L3","rqP","7","L3","1",0.561620792267638,NA
"2047","min.1.rqP.L3","rqP","7","L3","1",0.41965067170704,NA
"2048","max.1.rqP.L3","rqP","7","L3","1",0.695261809866119,NA
"2049","range.1.rqP.L3","rqP","7","L3","1",0.275611138159079,NA
"2050","slope.1.rqP.L3","rqP","7","L3","1",0.0445876149691754,NA
"2051","mean.1.rABQ.L3","rABQ","8","L3","1",0.250089495003168,NA
"2052","min.1.rABQ.L3","rABQ","8","L3","1",0.223749733544583,NA
"2053","max.1.rABQ.L3","rABQ","8","L3","1",0.293961783436127,NA
"2054","range.1.rABQ.L3","rABQ","8","L3","1",0.070212049891544,NA
"2055","slope.1.rABQ.L3","rABQ","8","L3","1",-0.00572453735854305,NA
"2056","mean.1.rqm.L3","rqm","9","L3","1",0.870288205968085,NA
"2057","min.1.rqm.L3","rqm","9","L3","1",0.851171217785358,NA
"2058","max.1.rqm.L3","rqm","9","L3","1",0.882045246859423,NA
"2059","range.1.rqm.L3","rqm","9","L3","1",0.030874029074065,NA
"2060","slope.1.rqm.L3","rqm","9","L3","1",-0.00571129983763892,NA
"2061","mean.2.rQuant.L3","rQuant","1","L3","2",0.0500278879814739,NA
"2062","min.2.rQuant.L3","rQuant","1","L3","2",0.0483048830652155,NA
"2063","max.2.rQuant.L3","rQuant","1","L3","2",0.0527112898127904,NA
"2064","range.2.rQuant.L3","rQuant","1","L3","2",0.0044064067475749,NA
"2065","slope.2.rQuant.L3","rQuant","1","L3","2",0.000661322555390812,NA
"2066","mean.2.rSigma.L3","rSigma","2","L3","2",3.19079282973877,NA
"2067","min.2.rSigma.L3","rSigma","2","L3","2",2.83638662633128,NA
"2068","max.2.rSigma.L3","rSigma","2","L3","2",3.48583030833575,NA
"2069","range.2.rSigma.L3","rSigma","2","L3","2",0.64944368200447,NA
"2070","slope.2.rSigma.L3","rSigma","2","L3","2",-0.0264397772315751,NA
"2071","mean.2.rConnect.L3","rConnect","3","L3","2",0.435977991000832,NA
"2072","min.2.rConnect.L3","rConnect","3","L3","2",0.289062950870279,NA
"2073","max.2.rConnect.L3","rConnect","3","L3","2",0.544275067951226,NA
"2074","range.2.rConnect.L3","rConnect","3","L3","2",0.255212117080947,NA
"2075","slope.2.rConnect.L3","rConnect","3","L3","2",-0.00677883734602127,NA
"2076","mean.2.rTau1.L3","rTau1","4","L3","2",1296.38562160521,NA
"2077","min.2.rTau1.L3","rTau1","4","L3","2",1022.2639930899,NA
"2078","max.2.rTau1.L3","rTau1","4","L3","2",1603.04541044052,NA
"2079","range.2.rTau1.L3","rTau1","4","L3","2",580.78141735062,NA
"2080","slope.2.rTau1.L3","rTau1","4","L3","2",-15.0102333197536,NA
"2081","mean.2.rTau2.L3","rTau2","5","L3","2",9439697.84306255,NA
"2082","min.2.rTau2.L3","rTau2","5","L3","2",6904612.26064444,NA
"2083","max.2.rTau2.L3","rTau2","5","L3","2",13016260.4465304,NA
"2084","range.2.rTau2.L3","rTau2","5","L3","2",6111648.18588596,NA
"2085","slope.2.rTau2.L3","rTau2","5","L3","2",-238348.294755169,NA
"2086","mean.2.rNPQ.L3","rNPQ","6","L3","2",0.277612129022726,NA
"2087","min.2.rNPQ.L3","rNPQ","6","L3","2",0.168851011105313,NA
"2088","max.2.rNPQ.L3","rNPQ","6","L3","2",0.382222504467285,NA
"2089","range.2.rNPQ.L3","rNPQ","6","L3","2",0.213371493361972,NA
"2090","slope.2.rNPQ.L3","rNPQ","6","L3","2",0.0349505325356365,NA
"2091","mean.2.rqP.L3","rqP","7","L3","2",0.567333508547572,NA
"2092","min.2.rqP.L3","rqP","7","L3","2",0.415012299343995,NA
"2093","max.2.rqP.L3","rqP","7","L3","2",0.702424031070411,NA
"2094","range.2.rqP.L3","rqP","7","L3","2",0.287411731726416,NA
"2095","slope.2.rqP.L3","rqP","7","L3","2",0.046819198013914,NA
"2096","mean.2.rABQ.L3","rABQ","8","L3","2",0.294112777492469,NA
"2097","min.2.rABQ.L3","rABQ","8","L3","2",0.228842734147318,NA
"2098","max.2.rABQ.L3","rABQ","8","L3","2",0.372516742874086,NA
"2099","range.2.rABQ.L3","rABQ","8","L3","2",0.143674008726768,NA
"2100","slope.2.rABQ.L3","rABQ","8","L3","2",0.00584917351567522,NA
"2101","mean.2.rqm.L3","rqm","9","L3","2",0.859804968912565,NA
"2102","min.2.rqm.L3","rqm","9","L3","2",0.852285171088983,NA
"2103","max.2.rqm.L3","rqm","9","L3","2",0.864633410358826,NA
"2104","range.2.rqm.L3","rqm","9","L3","2",0.012348239269843,NA
"2105","slope.2.rqm.L3","rqm","9","L3","2",-0.00185324905672939,NA
"2106","mean.3.rQuant.L3","rQuant","1","L3","3",0.051331732496492,NA
"2107","min.3.rQuant.L3","rQuant","1","L3","3",0.04841447468859,NA
"2108","max.3.rQuant.L3","rQuant","1","L3","3",0.0565010398659602,NA
"2109","range.3.rQuant.L3","rQuant","1","L3","3",0.0080865651773702,NA
"2110","slope.3.rQuant.L3","rQuant","1","L3","3",0.000766115794053738,NA
"2111","mean.3.rSigma.L3","rSigma","2","L3","3",3.05975318989205,NA
"2112","min.3.rSigma.L3","rSigma","2","L3","3",2.91701933728381,NA
"2113","max.3.rSigma.L3","rSigma","2","L3","3",3.1964350811989,NA
"2114","range.3.rSigma.L3","rSigma","2","L3","3",0.27941574391509,NA
"2115","slope.3.rSigma.L3","rSigma","2","L3","3",-0.00588737455115561,NA
"2116","mean.3.rConnect.L3","rConnect","3","L3","3",0.373124371934448,NA
"2117","min.3.rConnect.L3","rConnect","3","L3","3",0.24829560765221,NA
"2118","max.3.rConnect.L3","rConnect","3","L3","3",0.518882580619701,NA
"2119","range.3.rConnect.L3","rConnect","3","L3","3",0.270586972967491,NA
"2120","slope.3.rConnect.L3","rConnect","3","L3","3",-0.0101534250858882,NA
"2121","mean.3.rTau1.L3","rTau1","4","L3","3",1139.43794209466,NA
"2122","min.3.rTau1.L3","rTau1","4","L3","3",817.05732315524,NA
"2123","max.3.rTau1.L3","rTau1","4","L3","3",1399.30533856974,NA
"2124","range.3.rTau1.L3","rTau1","4","L3","3",582.2480154145,NA
"2125","slope.3.rTau1.L3","rTau1","4","L3","3",-0.0603624710577438,NA
"2126","mean.3.rTau2.L3","rTau2","5","L3","3",10582205.9816108,NA
"2127","min.3.rTau2.L3","rTau2","5","L3","3",8309058.10684044,NA
"2128","max.3.rTau2.L3","rTau2","5","L3","3",13617019.2403283,NA
"2129","range.3.rTau2.L3","rTau2","5","L3","3",5307961.13348786,NA
"2130","slope.3.rTau2.L3","rTau2","5","L3","3",361358.861564289,NA
"2131","mean.3.rNPQ.L3","rNPQ","6","L3","3",0.31338294824337,NA
"2132","min.3.rNPQ.L3","rNPQ","6","L3","3",0.204603863251475,NA
"2133","max.3.rNPQ.L3","rNPQ","6","L3","3",0.418059869075654,NA
"2134","range.3.rNPQ.L3","rNPQ","6","L3","3",0.213456005824179,NA
"2135","slope.3.rNPQ.L3","rNPQ","6","L3","3",0.0358048172230118,NA
"2136","mean.3.rqP.L3","rqP","7","L3","3",0.590201297648997,NA
"2137","min.3.rqP.L3","rqP","7","L3","3",0.45002944236049,NA
"2138","max.3.rqP.L3","rqP","7","L3","3",0.717018853330795,NA
"2139","range.3.rqP.L3","rqP","7","L3","3",0.266989410970305,NA
"2140","slope.3.rqP.L3","rqP","7","L3","3",0.0436414385734705,NA
"2141","mean.3.rABQ.L3","rABQ","8","L3","3",0.246767333627273,NA
"2142","min.3.rABQ.L3","rABQ","8","L3","3",0.213119761733555,NA
"2143","max.3.rABQ.L3","rABQ","8","L3","3",0.281904742989873,NA
"2144","range.3.rABQ.L3","rABQ","8","L3","3",0.068784981256318,NA
"2145","slope.3.rABQ.L3","rABQ","8","L3","3",0.00144932043726649,NA
"2146","mean.3.rqm.L3","rqm","9","L3","3",0.855504293680931,NA
"2147","min.3.rqm.L3","rqm","9","L3","3",0.840953007698469,NA
"2148","max.3.rqm.L3","rqm","9","L3","3",0.863716197058562,NA
"2149","range.3.rqm.L3","rqm","9","L3","3",0.0227631893600929,NA
"2150","slope.3.rqm.L3","rqm","9","L3","3",-0.0021565693850592,NA
"2151","mean.4.rQuant.L3","rQuant","1","L3","4",0.0517510946676999,NA
"2152","min.4.rQuant.L3","rQuant","1","L3","4",0.046361711272487,NA
"2153","max.4.rQuant.L3","rQuant","1","L3","4",0.0580497324451851,NA
"2154","range.4.rQuant.L3","rQuant","1","L3","4",0.0116880211726981,NA
"2155","slope.4.rQuant.L3","rQuant","1","L3","4",0.00139019677502777,NA
"2156","mean.4.rSigma.L3","rSigma","2","L3","4",3.06831942940884,NA
"2157","min.4.rSigma.L3","rSigma","2","L3","4",2.84559125810449,NA
"2158","max.4.rSigma.L3","rSigma","2","L3","4",3.25213103381512,NA
"2159","range.4.rSigma.L3","rSigma","2","L3","4",0.40653977571063,NA
"2160","slope.4.rSigma.L3","rSigma","2","L3","4",-0.00353851047855845,NA
"2161","mean.4.rConnect.L3","rConnect","3","L3","4",0.373810957604674,NA
"2162","min.4.rConnect.L3","rConnect","3","L3","4",0.293751800978234,NA
"2163","max.4.rConnect.L3","rConnect","3","L3","4",0.511887326513889,NA
"2164","range.4.rConnect.L3","rConnect","3","L3","4",0.218135525535655,NA
"2165","slope.4.rConnect.L3","rConnect","3","L3","4",-0.00695431554007001,NA
"2166","mean.4.rTau1.L3","rTau1","4","L3","4",1028.03464095241,NA
"2167","min.4.rTau1.L3","rTau1","4","L3","4",843.064730490645,NA
"2168","max.4.rTau1.L3","rTau1","4","L3","4",1276.88654601585,NA
"2169","range.4.rTau1.L3","rTau1","4","L3","4",433.821815525205,NA
"2170","slope.4.rTau1.L3","rTau1","4","L3","4",26.5362217597771,NA
"2171","mean.4.rTau2.L3","rTau2","5","L3","4",11520252.3076236,NA
"2172","min.4.rTau2.L3","rTau2","5","L3","4",8116912.99562539,NA
"2173","max.4.rTau2.L3","rTau2","5","L3","4",23476633.3654187,NA
"2174","range.4.rTau2.L3","rTau2","5","L3","4",15359720.3697933,NA
"2175","slope.4.rTau2.L3","rTau2","5","L3","4",-518216.086296601,NA
"2176","mean.4.rNPQ.L3","rNPQ","6","L3","4",0.340102985311898,NA
"2177","min.4.rNPQ.L3","rNPQ","6","L3","4",0.230819910125087,NA
"2178","max.4.rNPQ.L3","rNPQ","6","L3","4",0.449007367940613,NA
"2179","range.4.rNPQ.L3","rNPQ","6","L3","4",0.218187457815526,NA
"2180","slope.4.rNPQ.L3","rNPQ","6","L3","4",0.0351620443599762,NA
"2181","mean.4.rqP.L3","rqP","7","L3","4",0.605461538314345,NA
"2182","min.4.rqP.L3","rqP","7","L3","4",0.472133244726539,NA
"2183","max.4.rqP.L3","rqP","7","L3","4",0.729758821930049,NA
"2184","range.4.rqP.L3","rqP","7","L3","4",0.25762557720351,NA
"2185","slope.4.rqP.L3","rqP","7","L3","4",0.0409951793244528,NA
"2186","mean.4.rABQ.L3","rABQ","8","L3","4",0.172231198469514,NA
"2187","min.4.rABQ.L3","rABQ","8","L3","4",0.122642648454664,NA
"2188","max.4.rABQ.L3","rABQ","8","L3","4",0.232318629282805,NA
"2189","range.4.rABQ.L3","rABQ","8","L3","4",0.109675980828141,NA
"2190","slope.4.rABQ.L3","rABQ","8","L3","4",0.000954616572826586,NA
"2191","mean.4.rqm.L3","rqm","9","L3","4",0.852337359529358,NA
"2192","min.4.rqm.L3","rqm","9","L3","4",0.83436530518802,NA
"2193","max.4.rqm.L3","rqm","9","L3","4",0.867715016519143,NA
"2194","range.4.rqm.L3","rqm","9","L3","4",0.033349711331123,NA
"2195","slope.4.rqm.L3","rqm","9","L3","4",-0.00396668182368891,NA
"2196","mean.1.rQuant.R1","rQuant","1","R1","1",0.215751464425123,NA
"2197","min.1.rQuant.R1","rQuant","1","R1","1",0.203581169873788,NA
"2198","max.1.rQuant.R1","rQuant","1","R1","1",0.22524403977755,NA
"2199","range.1.rQuant.R1","rQuant","1","R1","1",0.021662869903762,NA
"2200","slope.1.rQuant.R1","rQuant","1","R1","1",0.0052372794143075,NA
"2201","mean.1.rSigma.R1","rSigma","2","R1","1",5.36658004347326,NA
"2202","min.1.rSigma.R1","rSigma","2","R1","1",5.09712699668314,NA
"2203","max.1.rSigma.R1","rSigma","2","R1","1",5.4888048668916,NA
"2204","range.1.rSigma.R1","rSigma","2","R1","1",0.39167787020846,NA
"2205","slope.1.rSigma.R1","rSigma","2","R1","1",0.0916714177454118,NA
"2206","mean.1.rConnect.R1","rConnect","3","R1","1",0.247933657520826,NA
"2207","min.1.rConnect.R1","rConnect","3","R1","1",0.234444560299175,NA
"2208","max.1.rConnect.R1","rConnect","3","R1","1",0.267591340370681,NA
"2209","range.1.rConnect.R1","rConnect","3","R1","1",0.033146780071506,NA
"2210","slope.1.rConnect.R1","rConnect","3","R1","1",0.00144638991795182,NA
"2211","mean.1.rTau1.R1","rTau1","4","R1","1",1307.84544133658,NA
"2212","min.1.rTau1.R1","rTau1","4","R1","1",1187.00913291149,NA
"2213","max.1.rTau1.R1","rTau1","4","R1","1",1433.56080604163,NA
"2214","range.1.rTau1.R1","rTau1","4","R1","1",246.55167313014,NA
"2215","slope.1.rTau1.R1","rTau1","4","R1","1",71.0284862271861,NA
"2216","mean.1.rTau2.R1","rTau2","5","R1","1",1674724.33765314,NA
"2217","min.1.rTau2.R1","rTau2","5","R1","1",1497298.77316134,NA
"2218","max.1.rTau2.R1","rTau2","5","R1","1",1766550.81568511,NA
"2219","range.1.rTau2.R1","rTau2","5","R1","1",269252.04252377,NA
"2220","slope.1.rTau2.R1","rTau2","5","R1","1",-58474.268306044,NA
"2221","mean.1.rNPQ.R1","rNPQ","6","R1","1",0.408650200160018,NA
"2222","min.1.rNPQ.R1","rNPQ","6","R1","1",0.379380188924536,NA
"2223","max.1.rNPQ.R1","rNPQ","6","R1","1",0.472857104180597,NA
"2224","range.1.rNPQ.R1","rNPQ","6","R1","1",0.093476915256061,NA
"2225","slope.1.rNPQ.R1","rNPQ","6","R1","1",-0.02210105128917,NA
"2226","mean.1.rqP.R1","rqP","7","R1","1",0.964696411252766,NA
"2227","min.1.rqP.R1","rqP","7","R1","1",0.950883643064912,NA
"2228","max.1.rqP.R1","rqP","7","R1","1",1,NA
"2229","range.1.rqP.R1","rqP","7","R1","1",0.049116356935088,NA
"2230","slope.1.rqP.R1","rqP","7","R1","1",-0.0106755593081458,NA
"2231","mean.1.rABQ.R1","rABQ","8","R1","1",-0.137628496548136,NA
"2232","min.1.rABQ.R1","rABQ","8","R1","1",-0.16353818968229,NA
"2233","max.1.rABQ.R1","rABQ","8","R1","1",-0.0805087923739722,NA
"2234","range.1.rABQ.R1","rABQ","8","R1","1",0.0830293973083178,NA
"2235","slope.1.rABQ.R1","rABQ","8","R1","1",-0.0194328634440074,NA
"2236","mean.1.rqm.R1","rqm","9","R1","1",0.429275282165707,NA
"2237","min.1.rqm.R1","rqm","9","R1","1",0.404164688344384,NA
"2238","max.1.rqm.R1","rqm","9","R1","1",0.461469213930102,NA
"2239","range.1.rqm.R1","rqm","9","R1","1",0.057304525585718,NA
"2240","slope.1.rqm.R1","rqm","9","R1","1",-0.0138541113679779,NA
"2241","mean.2.rQuant.R1","rQuant","1","R1","2",0.206403149908893,NA
"2242","min.2.rQuant.R1","rQuant","1","R1","2",0.191484600700919,NA
"2243","max.2.rQuant.R1","rQuant","1","R1","2",0.219095650255653,NA
"2244","range.2.rQuant.R1","rQuant","1","R1","2",0.027611049554734,NA
"2245","slope.2.rQuant.R1","rQuant","1","R1","2",0.00655767339218881,NA
"2246","mean.2.rSigma.R1","rSigma","2","R1","2",5.12337562668536,NA
"2247","min.2.rSigma.R1","rSigma","2","R1","2",4.86924590168531,NA
"2248","max.2.rSigma.R1","rSigma","2","R1","2",5.31855251917128,NA
"2249","range.2.rSigma.R1","rSigma","2","R1","2",0.44930661748597,NA
"2250","slope.2.rSigma.R1","rSigma","2","R1","2",0.0934054939410968,NA
"2251","mean.2.rConnect.R1","rConnect","3","R1","2",0.258704307369448,NA
"2252","min.2.rConnect.R1","rConnect","3","R1","2",0.23826354954395,NA
"2253","max.2.rConnect.R1","rConnect","3","R1","2",0.286256856056067,NA
"2254","range.2.rConnect.R1","rConnect","3","R1","2",0.047993306512117,NA
"2255","slope.2.rConnect.R1","rConnect","3","R1","2",0.00883283129003022,NA
"2256","mean.2.rTau1.R1","rTau1","4","R1","2",1491.13321273864,NA
"2257","min.2.rTau1.R1","rTau1","4","R1","2",1345.20712021312,NA
"2258","max.2.rTau1.R1","rTau1","4","R1","2",1640.55599086956,NA
"2259","range.2.rTau1.R1","rTau1","4","R1","2",295.34887065644,NA
"2260","slope.2.rTau1.R1","rTau1","4","R1","2",72.631641936494,NA
"2261","mean.2.rTau2.R1","rTau2","5","R1","2",1627602.74520907,NA
"2262","min.2.rTau2.R1","rTau2","5","R1","2",1528838.80668466,NA
"2263","max.2.rTau2.R1","rTau2","5","R1","2",1768451.9085238,NA
"2264","range.2.rTau2.R1","rTau2","5","R1","2",239613.10183914,NA
"2265","slope.2.rTau2.R1","rTau2","5","R1","2",-56767.336890151,NA
"2266","mean.2.rNPQ.R1","rNPQ","6","R1","2",0.39389290346589,NA
"2267","min.2.rNPQ.R1","rNPQ","6","R1","2",0.35584661869887,NA
"2268","max.2.rNPQ.R1","rNPQ","6","R1","2",0.464613733358398,NA
"2269","range.2.rNPQ.R1","rNPQ","6","R1","2",0.108767114659528,NA
"2270","slope.2.rNPQ.R1","rNPQ","6","R1","2",-0.0250284802241605,NA
"2271","mean.2.rqP.R1","rqP","7","R1","2",0.960821710456091,NA
"2272","min.2.rqP.R1","rqP","7","R1","2",0.946602927514817,NA
"2273","max.2.rqP.R1","rqP","7","R1","2",1,NA
"2274","range.2.rqP.R1","rqP","7","R1","2",0.053397072485183,NA
"2275","slope.2.rqP.R1","rqP","7","R1","2",-0.0120340294676881,NA
"2276","mean.2.rABQ.R1","rABQ","8","R1","2",-0.133425322157252,NA
"2277","min.2.rABQ.R1","rABQ","8","R1","2",-0.176603579689508,NA
"2278","max.2.rABQ.R1","rABQ","8","R1","2",-0.077205148893424,NA
"2279","range.2.rABQ.R1","rABQ","8","R1","2",0.099398430796084,NA
"2280","slope.2.rABQ.R1","rABQ","8","R1","2",-0.0206637497961357,NA
"2281","mean.2.rqm.R1","rqm","9","R1","2",0.421588694115221,NA
"2282","min.2.rqm.R1","rqm","9","R1","2",0.386020023270065,NA
"2283","max.2.rqm.R1","rqm","9","R1","2",0.463395505363496,NA
"2284","range.2.rqm.R1","rqm","9","R1","2",0.077375482093431,NA
"2285","slope.2.rqm.R1","rqm","9","R1","2",-0.0183768146562497,NA
"2286","mean.3.rQuant.R1","rQuant","1","R1","3",0.209367312257351,NA
"2287","min.3.rQuant.R1","rQuant","1","R1","3",0.194804702240694,NA
"2288","max.3.rQuant.R1","rQuant","1","R1","3",0.221755566988474,NA
"2289","range.3.rQuant.R1","rQuant","1","R1","3",0.02695086474778,NA
"2290","slope.3.rQuant.R1","rQuant","1","R1","3",0.00615034050163933,NA
"2291","mean.3.rSigma.R1","rSigma","2","R1","3",4.67066327524414,NA
"2292","min.3.rSigma.R1","rSigma","2","R1","3",4.45691280171008,NA
"2293","max.3.rSigma.R1","rSigma","2","R1","3",4.77141529472652,NA
"2294","range.3.rSigma.R1","rSigma","2","R1","3",0.31450249301644,NA
"2295","slope.3.rSigma.R1","rSigma","2","R1","3",0.0447385844691949,NA
"2296","mean.3.rConnect.R1","rConnect","3","R1","3",0.231414559464462,NA
"2297","min.3.rConnect.R1","rConnect","3","R1","3",0.209865200152133,NA
"2298","max.3.rConnect.R1","rConnect","3","R1","3",0.272863730500403,NA
"2299","range.3.rConnect.R1","rConnect","3","R1","3",0.06299853034827,NA
"2300","slope.3.rConnect.R1","rConnect","3","R1","3",-0.0136319559489691,NA
"2301","mean.3.rTau1.R1","rTau1","4","R1","3",1224.27692099523,NA
"2302","min.3.rTau1.R1","rTau1","4","R1","3",1207.2811528755,NA
"2303","max.3.rTau1.R1","rTau1","4","R1","3",1251.20550028927,NA
"2304","range.3.rTau1.R1","rTau1","4","R1","3",43.92434741377,NA
"2305","slope.3.rTau1.R1","rTau1","4","R1","3",-0.907220833770902,NA
"2306","mean.3.rTau2.R1","rTau2","5","R1","3",1557794.79655131,NA
"2307","min.3.rTau2.R1","rTau2","5","R1","3",1322623.69655581,NA
"2308","max.3.rTau2.R1","rTau2","5","R1","3",1841761.41790156,NA
"2309","range.3.rTau2.R1","rTau2","5","R1","3",519137.72134575,NA
"2310","slope.3.rTau2.R1","rTau2","5","R1","3",-125845.905513129,NA
"2311","mean.3.rNPQ.R1","rNPQ","6","R1","3",0.442198595103778,NA
"2312","min.3.rNPQ.R1","rNPQ","6","R1","3",0.405030071631003,NA
"2313","max.3.rNPQ.R1","rNPQ","6","R1","3",0.509923840708232,NA
"2314","range.3.rNPQ.R1","rNPQ","6","R1","3",0.104893769077229,NA
"2315","slope.3.rNPQ.R1","rNPQ","6","R1","3",-0.0241094679314938,NA
"2316","mean.3.rqP.R1","rqP","7","R1","3",0.967553573040206,NA
"2317","min.3.rqP.R1","rqP","7","R1","3",0.954022534449984,NA
"2318","max.3.rqP.R1","rqP","7","R1","3",1,NA
"2319","range.3.rqP.R1","rqP","7","R1","3",0.045977465550016,NA
"2320","slope.3.rqP.R1","rqP","7","R1","3",-0.0102839956785639,NA
"2321","mean.3.rABQ.R1","rABQ","8","R1","3",-0.149797364102244,NA
"2322","min.3.rABQ.R1","rABQ","8","R1","3",-0.174599924167498,NA
"2323","max.3.rABQ.R1","rABQ","8","R1","3",-0.0971774862472683,NA
"2324","range.3.rABQ.R1","rABQ","8","R1","3",0.0774224379202297,NA
"2325","slope.3.rABQ.R1","rABQ","8","R1","3",-0.0110134906896405,NA
"2326","mean.3.rqm.R1","rqm","9","R1","3",0.410643744260559,NA
"2327","min.3.rqm.R1","rqm","9","R1","3",0.375771560323333,NA
"2328","max.3.rqm.R1","rqm","9","R1","3",0.451636606138927,NA
"2329","range.3.rqm.R1","rqm","9","R1","3",0.075865045815594,NA
"2330","slope.3.rqm.R1","rqm","9","R1","3",-0.0173128346086485,NA
"2331","mean.4.rQuant.R1","rQuant","1","R1","4",0.211445540186193,NA
"2332","min.4.rQuant.R1","rQuant","1","R1","4",0.196867354088781,NA
"2333","max.4.rQuant.R1","rQuant","1","R1","4",0.225074745516051,NA
"2334","range.4.rQuant.R1","rQuant","1","R1","4",0.02820739142727,NA
"2335","slope.4.rQuant.R1","rQuant","1","R1","4",0.0069080236120571,NA
"2336","mean.4.rSigma.R1","rSigma","2","R1","4",4.48010451444732,NA
"2337","min.4.rSigma.R1","rSigma","2","R1","4",4.24808859361066,NA
"2338","max.4.rSigma.R1","rSigma","2","R1","4",4.62602903125456,NA
"2339","range.4.rSigma.R1","rSigma","2","R1","4",0.3779404376439,NA
"2340","slope.4.rSigma.R1","rSigma","2","R1","4",0.0854394586989343,NA
"2341","mean.4.rConnect.R1","rConnect","3","R1","4",0.247034617241323,NA
"2342","min.4.rConnect.R1","rConnect","3","R1","4",0.223851995599953,NA
"2343","max.4.rConnect.R1","rConnect","3","R1","4",0.264585034181914,NA
"2344","range.4.rConnect.R1","rConnect","3","R1","4",0.040733038581961,NA
"2345","slope.4.rConnect.R1","rConnect","3","R1","4",-0.0055411036017778,NA
"2346","mean.4.rTau1.R1","rTau1","4","R1","4",996.004189113405,NA
"2347","min.4.rTau1.R1","rTau1","4","R1","4",900.541001519274,NA
"2348","max.4.rTau1.R1","rTau1","4","R1","4",1043.07243846195,NA
"2349","range.4.rTau1.R1","rTau1","4","R1","4",142.531436942676,NA
"2350","slope.4.rTau1.R1","rTau1","4","R1","4",16.9002933304076,NA
"2351","mean.4.rTau2.R1","rTau2","5","R1","4",1574961.03180306,NA
"2352","min.4.rTau2.R1","rTau2","5","R1","4",1432861.16479399,NA
"2353","max.4.rTau2.R1","rTau2","5","R1","4",1792101.90519786,NA
"2354","range.4.rTau2.R1","rTau2","5","R1","4",359240.74040387,NA
"2355","slope.4.rTau2.R1","rTau2","5","R1","4",-86595.458055069,NA
"2356","mean.4.rNPQ.R1","rNPQ","6","R1","4",0.476813731153767,NA
"2357","min.4.rNPQ.R1","rNPQ","6","R1","4",0.44182695323779,NA
"2358","max.4.rNPQ.R1","rNPQ","6","R1","4",0.543062132644126,NA
"2359","range.4.rNPQ.R1","rNPQ","6","R1","4",0.101235179406336,NA
"2360","slope.4.rNPQ.R1","rNPQ","6","R1","4",-0.0244132566627848,NA
"2361","mean.4.rqP.R1","rqP","7","R1","4",0.971537378533306,NA
"2362","min.4.rqP.R1","rqP","7","R1","4",0.958697941263211,NA
"2363","max.4.rqP.R1","rqP","7","R1","4",1,NA
"2364","range.4.rqP.R1","rqP","7","R1","4",0.041302058736789,NA
"2365","slope.4.rqP.R1","rqP","7","R1","4",-0.0084625888483839,NA
"2366","mean.4.rABQ.R1","rABQ","8","R1","4",-0.20863907098808,NA
"2367","min.4.rABQ.R1","rABQ","8","R1","4",-0.248006472319798,NA
"2368","max.4.rABQ.R1","rABQ","8","R1","4",-0.146045998413509,NA
"2369","range.4.rABQ.R1","rABQ","8","R1","4",0.101960473906289,NA
"2370","slope.4.rABQ.R1","rABQ","8","R1","4",-0.0230497899445418,NA
"2371","mean.4.rqm.R1","rqm","9","R1","4",0.396677365375193,NA
"2372","min.4.rqm.R1","rqm","9","R1","4",0.357788826698936,NA
"2373","max.4.rqm.R1","rqm","9","R1","4",0.438273653651578,NA
"2374","range.4.rqm.R1","rqm","9","R1","4",0.080484826952642,NA
"2375","slope.4.rqm.R1","rqm","9","R1","4",-0.0197108295687231,NA
"2376","mean.All.rQuant.All","rQuant","1","All","All",0.104301711483729,NA
"2377","min.All.rQuant.All","rQuant","1","All","All",0.030498196489149,NA
"2378","max.All.rQuant.All","rQuant","1","All","All",0.378030699710757,NA
"2379","range.All.rQuant.All","rQuant","1","All","All",0.347532503221608,NA
"2380","slope.All.rQuant.All","rQuant","1","All","All",0.00293555319721252,NA
"2381","mean.All.rSigma.All","rSigma","2","All","All",3.84550144881938,NA
"2382","min.All.rSigma.All","rSigma","2","All","All",2.31553144767501,NA
"2383","max.All.rSigma.All","rSigma","2","All","All",5.4888048668916,NA
"2384","range.All.rSigma.All","rSigma","2","All","All",3.17327341921659,NA
"2385","slope.All.rSigma.All","rSigma","2","All","All",0.0475070922222484,NA
"2386","mean.All.rConnect.All","rConnect","3","All","All",0.322695064004319,NA
"2387","min.All.rConnect.All","rConnect","3","All","All",0.0570059208655791,NA
"2388","max.All.rConnect.All","rConnect","3","All","All",0.755557392708605,NA
"2389","range.All.rConnect.All","rConnect","3","All","All",0.698551471843026,NA
"2390","slope.All.rConnect.All","rConnect","3","All","All",-0.00516725643398545,NA
"2391","mean.All.rTau1.All","rTau1","4","All","All",1429.73049928745,NA
"2392","min.All.rTau1.All","rTau1","4","All","All",586.968923966523,NA
"2393","max.All.rTau1.All","rTau1","4","All","All",3900.47631335335,NA
"2394","range.All.rTau1.All","rTau1","4","All","All",3313.50738938683,NA
"2395","slope.All.rTau1.All","rTau1","4","All","All",-28.1737448182161,NA
"2396","mean.All.rTau2.All","rTau2","5","All","All",6528329.56626336,NA
"2397","min.All.rTau2.All","rTau2","5","All","All",780446.109677802,NA
"2398","max.All.rTau2.All","rTau2","5","All","All",23476633.3654187,NA
"2399","range.All.rTau2.All","rTau2","5","All","All",22696187.2557409,NA
"2400","slope.All.rTau2.All","rTau2","5","All","All",-106785.848825912,NA
"2401","mean.All.rNPQ.All","rNPQ","6","All","All",0.297938785107882,NA
"2402","min.All.rNPQ.All","rNPQ","6","All","All",0.0534079050296912,NA
"2403","max.All.rNPQ.All","rNPQ","6","All","All",0.868604958037092,NA
"2404","range.All.rNPQ.All","rNPQ","6","All","All",0.815197053007401,NA
"2405","slope.All.rNPQ.All","rNPQ","6","All","All",0.00677021937563289,NA
"2406","mean.All.rqP.All","rqP","7","All","All",0.6401102351268,NA
"2407","min.All.rqP.All","rqP","7","All","All",0.195817970970797,NA
"2408","max.All.rqP.All","rqP","7","All","All",1.4204172405254,NA
"2409","range.All.rqP.All","rqP","7","All","All",1.2245992695546,NA
"2410","slope.All.rqP.All","rqP","7","All","All",0.0157183954887878,NA
"2411","mean.All.rABQ.All","rABQ","8","All","All",0.0922344068633013,NA
"2412","min.All.rABQ.All","rABQ","8","All","All",-0.248006472319798,NA
"2413","max.All.rABQ.All","rABQ","8","All","All",0.468113766611393,NA
"2414","range.All.rABQ.All","rABQ","8","All","All",0.716120238931191,NA
"2415","slope.All.rABQ.All","rABQ","8","All","All",-0.0111281332850008,NA
"2416","mean.All.rqm.All","rqm","9","All","All",0.710200583072188,NA
"2417","min.All.rqm.All","rqm","9","All","All",0,NA
"2418","max.All.rqm.All","rqm","9","All","All",0.914533757521599,NA
"2419","range.All.rqm.All","rqm","9","All","All",0.914533757521599,NA
"2420","slope.All.rqm.All","rqm","9","All","All",-0.00815982324289738,NA
"2421","mean.All.rQuant.L1","rQuant","1","L1","All",0.0422922249812047,NA
"2422","min.All.rQuant.L1","rQuant","1","L1","All",0.030498196489149,NA
"2423","max.All.rQuant.L1","rQuant","1","L1","All",0.0566241999370047,NA
"2424","range.All.rQuant.L1","rQuant","1","L1","All",0.0261260034478557,NA
"2425","slope.All.rQuant.L1","rQuant","1","L1","All",0.00229895100177128,NA
"2426","mean.All.rSigma.L1","rSigma","2","L1","All",3.15482063582133,NA
"2427","min.All.rSigma.L1","rSigma","2","L1","All",2.31553144767501,NA
"2428","max.All.rSigma.L1","rSigma","2","L1","All",3.86480729938638,NA
"2429","range.All.rSigma.L1","rSigma","2","L1","All",1.54927585171137,NA
"2430","slope.All.rSigma.L1","rSigma","2","L1","All",0.186121221071809,NA
"2431","mean.All.rConnect.L1","rConnect","3","L1","All",0.410195098438891,NA
"2432","min.All.rConnect.L1","rConnect","3","L1","All",0.0570059208655791,NA
"2433","max.All.rConnect.L1","rConnect","3","L1","All",0.755557392708605,NA
"2434","range.All.rConnect.L1","rConnect","3","L1","All",0.698551471843026,NA
"2435","slope.All.rConnect.L1","rConnect","3","L1","All",-0.0412636892022654,NA
"2436","mean.All.rTau1.L1","rTau1","4","L1","All",1896.0008786349,NA
"2437","min.All.rTau1.L1","rTau1","4","L1","All",940.669576731495,NA
"2438","max.All.rTau1.L1","rTau1","4","L1","All",3900.47631335335,NA
"2439","range.All.rTau1.L1","rTau1","4","L1","All",2959.80673662186,NA
"2440","slope.All.rTau1.L1","rTau1","4","L1","All",-273.446063457286,NA
"2441","mean.All.rTau2.L1","rTau2","5","L1","All",8866350.81273814,NA
"2442","min.All.rTau2.L1","rTau2","5","L1","All",4222140.24111017,NA
"2443","max.All.rTau2.L1","rTau2","5","L1","All",17056043.7875676,NA
"2444","range.All.rTau2.L1","rTau2","5","L1","All",12833903.5464574,NA
"2445","slope.All.rTau2.L1","rTau2","5","L1","All",1093423.25229422,NA
"2446","mean.All.rNPQ.L1","rNPQ","6","L1","All",0.164548177486688,NA
"2447","min.All.rNPQ.L1","rNPQ","6","L1","All",0.0534079050296912,NA
"2448","max.All.rNPQ.L1","rNPQ","6","L1","All",0.27897749968716,NA
"2449","range.All.rNPQ.L1","rNPQ","6","L1","All",0.225569594657469,NA
"2450","slope.All.rNPQ.L1","rNPQ","6","L1","All",0.0277169844407425,NA
"2451","mean.All.rqP.L1","rqP","7","L1","All",0.377346252069649,NA
"2452","min.All.rqP.L1","rqP","7","L1","All",0.195817970970797,NA
"2453","max.All.rqP.L1","rqP","7","L1","All",0.542145127632518,NA
"2454","range.All.rqP.L1","rqP","7","L1","All",0.346327156661721,NA
"2455","slope.All.rqP.L1","rqP","7","L1","All",0.0466574414110401,NA
"2456","mean.All.rABQ.L1","rABQ","8","L1","All",0.253399522121436,NA
"2457","min.All.rABQ.L1","rABQ","8","L1","All",-0.042644672421118,NA
"2458","max.All.rABQ.L1","rABQ","8","L1","All",0.468113766611393,NA
"2459","range.All.rABQ.L1","rABQ","8","L1","All",0.510758439032511,NA
"2460","slope.All.rABQ.L1","rABQ","8","L1","All",-0.0448271129283848,NA
"2461","mean.All.rqm.L1","rqm","9","L1","All",0.882471248819386,NA
"2462","min.All.rqm.L1","rqm","9","L1","All",0.84729665207665,NA
"2463","max.All.rqm.L1","rqm","9","L1","All",0.914533757521599,NA
"2464","range.All.rqm.L1","rqm","9","L1","All",0.0672371054449491,NA
"2465","slope.All.rqm.L1","rqm","9","L1","All",-0.00638543241920248,NA
"2466","mean.All.rQuant.L2","rQuant","1","L2","All",0.10803110561196,NA
"2467","min.All.rQuant.L2","rQuant","1","L2","All",0.0854016020872494,NA
"2468","max.All.rQuant.L2","rQuant","1","L2","All",0.125797363233332,NA
"2469","range.All.rQuant.L2","rQuant","1","L2","All",0.0403957611460826,NA
"2470","slope.All.rQuant.L2","rQuant","1","L2","All",0.00701296539404956,NA
"2471","mean.All.rSigma.L2","rSigma","2","L2","All",4.43299683905764,NA
"2472","min.All.rSigma.L2","rSigma","2","L2","All",3.8716888461324,NA
"2473","max.All.rSigma.L2","rSigma","2","L2","All",5.04699592464448,NA
"2474","range.All.rSigma.L2","rSigma","2","L2","All",1.17530707851208,NA
"2475","slope.All.rSigma.L2","rSigma","2","L2","All",0.0117235309467157,NA
"2476","mean.All.rConnect.L2","rConnect","3","L2","All",0.219470989029887,NA
"2477","min.All.rConnect.L2","rConnect","3","L2","All",0.0991776070379488,NA
"2478","max.All.rConnect.L2","rConnect","3","L2","All",0.276582949319369,NA
"2479","range.All.rConnect.L2","rConnect","3","L2","All",0.17740534228142,NA
"2480","slope.All.rConnect.L2","rConnect","3","L2","All",0.00626247942526247,NA
"2481","mean.All.rTau1.L2","rTau1","4","L2","All",1419.21669660568,NA
"2482","min.All.rTau1.L2","rTau1","4","L2","All",971.249762698438,NA
"2483","max.All.rTau1.L2","rTau1","4","L2","All",1762.29344530714,NA
"2484","range.All.rTau1.L2","rTau1","4","L2","All",791.043682608702,NA
"2485","slope.All.rTau1.L2","rTau1","4","L2","All",6.75978741499784,NA
"2486","mean.All.rTau2.L2","rTau2","5","L2","All",4452847.44314066,NA
"2487","min.All.rTau2.L2","rTau2","5","L2","All",3286052.97866054,NA
"2488","max.All.rTau2.L2","rTau2","5","L2","All",6204999.22707499,NA
"2489","range.All.rTau2.L2","rTau2","5","L2","All",2918946.24841445,NA
"2490","slope.All.rTau2.L2","rTau2","5","L2","All",-342213.020358315,NA
"2491","mean.All.rNPQ.L2","rNPQ","6","L2","All",0.250902697707873,NA
"2492","min.All.rNPQ.L2","rNPQ","6","L2","All",0.199757035995804,NA
"2493","max.All.rNPQ.L2","rNPQ","6","L2","All",0.316533103734282,NA
"2494","range.All.rNPQ.L2","rNPQ","6","L2","All",0.116776067738478,NA
"2495","slope.All.rNPQ.L2","rNPQ","6","L2","All",-0.0102329897987315,NA
"2496","mean.All.rqP.L2","rqP","7","L2","All",0.617930780571926,NA
"2497","min.All.rqP.L2","rqP","7","L2","All",0.593362365014205,NA
"2498","max.All.rqP.L2","rqP","7","L2","All",0.649989325669932,NA
"2499","range.All.rqP.L2","rqP","7","L2","All",0.0566269606557269,NA
"2500","slope.All.rqP.L2","rqP","7","L2","All",-0.000475268888428815,NA
"2501","mean.All.rABQ.L2","rABQ","8","L2","All",-0.0457401111993871,NA
"2502","min.All.rABQ.L2","rABQ","8","L2","All",-0.189473965233693,NA
"2503","max.All.rABQ.L2","rABQ","8","L2","All",0.0901892039577428,NA
"2504","range.All.rABQ.L2","rABQ","8","L2","All",0.279663169191436,NA
"2505","slope.All.rABQ.L2","rABQ","8","L2","All",-0.00159602486939576,NA
"2506","mean.All.rqm.L2","rqm","9","L2","All",0.699799851931032,NA
"2507","min.All.rqm.L2","rqm","9","L2","All",0.651196513278589,NA
"2508","max.All.rqm.L2","rqm","9","L2","All",0.76477542430489,NA
"2509","range.All.rqm.L2","rqm","9","L2","All",0.113578911026301,NA
"2510","slope.All.rqm.L2","rqm","9","L2","All",-0.0194753687287236,NA
"2511","mean.All.rQuant.L3","rQuant","1","L3","All",0.0505364388510721,NA
"2512","min.All.rQuant.L3","rQuant","1","L3","All",0.0445905178639419,NA
"2513","max.All.rQuant.L3","rQuant","1","L3","All",0.0580497324451851,NA
"2514","range.All.rQuant.L3","rQuant","1","L3","All",0.0134592145812432,NA
"2515","slope.All.rQuant.L3","rQuant","1","L3","All",0.00124417044958823,NA
"2516","mean.All.rSigma.L3","rSigma","2","L3","All",3.21411200695372,NA
"2517","min.All.rSigma.L3","rSigma","2","L3","All",2.83638662633128,NA
"2518","max.All.rSigma.L3","rSigma","2","L3","All",3.66183618056387,NA
"2519","range.All.rSigma.L3","rSigma","2","L3","All",0.82544955423259,NA
"2520","slope.All.rSigma.L3","rSigma","2","L3","All",-0.00221526876307308,NA
"2521","mean.All.rConnect.L3","rConnect","3","L3","All",0.376580054691811,NA
"2522","min.All.rConnect.L3","rConnect","3","L3","All",0.24829560765221,NA
"2523","max.All.rConnect.L3","rConnect","3","L3","All",0.544275067951226,NA
"2524","range.All.rConnect.L3","rConnect","3","L3","All",0.295979460299016,NA
"2525","slope.All.rConnect.L3","rConnect","3","L3","All",-0.00649976370495465,NA
"2526","mean.All.rTau1.L3","rTau1","4","L3","All",1202.35283953721,NA
"2527","min.All.rTau1.L3","rTau1","4","L3","All",817.05732315524,NA
"2528","max.All.rTau1.L3","rTau1","4","L3","All",1890.18205067226,NA
"2529","range.All.rTau1.L3","rTau1","4","L3","All",1073.12472751702,NA
"2530","slope.All.rTau1.L3","rTau1","4","L3","All",-26.8226369844706,NA
"2531","mean.All.rTau2.L3","rTau2","5","L3","All",10283538.6720648,NA
"2532","min.All.rTau2.L3","rTau2","5","L3","All",6904612.26064444,NA
"2533","max.All.rTau2.L3","rTau2","5","L3","All",23476633.3654187,NA
"2534","range.All.rTau2.L3","rTau2","5","L3","All",16572021.1047743,NA
"2535","slope.All.rTau2.L3","rTau2","5","L3","All",-149511.01651491,NA
"2536","mean.All.rNPQ.L3","rNPQ","6","L3","All",0.304052666662627,NA
"2537","min.All.rNPQ.L3","rNPQ","6","L3","All",0.168851011105313,NA
"2538","max.All.rNPQ.L3","rNPQ","6","L3","All",0.449007367940613,NA
"2539","range.All.rNPQ.L3","rNPQ","6","L3","All",0.2801563568353,NA
"2540","slope.All.rNPQ.L3","rNPQ","6","L3","All",0.0346123958167703,NA
"2541","mean.All.rqP.L3","rqP","7","L3","All",0.581154284194638,NA
"2542","min.All.rqP.L3","rqP","7","L3","All",0.415012299343995,NA
"2543","max.All.rqP.L3","rqP","7","L3","All",0.729758821930049,NA
"2544","range.All.rqP.L3","rqP","7","L3","All",0.314746522586054,NA
"2545","slope.All.rqP.L3","rqP","7","L3","All",0.0440108577202532,NA
"2546","mean.All.rABQ.L3","rABQ","8","L3","All",0.240800201148106,NA
"2547","min.All.rABQ.L3","rABQ","8","L3","All",0.122642648454664,NA
"2548","max.All.rABQ.L3","rABQ","8","L3","All",0.372516742874086,NA
"2549","range.All.rABQ.L3","rABQ","8","L3","All",0.249874094419422,NA
"2550","slope.All.rABQ.L3","rABQ","8","L3","All",0.000632143291806318,NA
"2551","mean.All.rqm.L3","rqm","9","L3","All",0.859483707022735,NA
"2552","min.All.rqm.L3","rqm","9","L3","All",0.83436530518802,NA
"2553","max.All.rqm.L3","rqm","9","L3","All",0.882045246859423,NA
"2554","range.All.rqm.L3","rqm","9","L3","All",0.047679941671403,NA
"2555","slope.All.rqm.L3","rqm","9","L3","All",-0.00342195002577914,NA
"2556","mean.All.rQuant.R1","rQuant","1","R1","All",0.21074186669439,NA
"2557","min.All.rQuant.R1","rQuant","1","R1","All",0.191484600700919,NA
"2558","max.All.rQuant.R1","rQuant","1","R1","All",0.22524403977755,NA
"2559","range.All.rQuant.R1","rQuant","1","R1","All",0.033759439076631,NA
"2560","slope.All.rQuant.R1","rQuant","1","R1","All",0.00621332923004818,NA
"2561","mean.All.rSigma.R1","rSigma","2","R1","All",4.91018086496252,NA
"2562","min.All.rSigma.R1","rSigma","2","R1","All",4.24808859361066,NA
"2563","max.All.rSigma.R1","rSigma","2","R1","All",5.4888048668916,NA
"2564","range.All.rSigma.R1","rSigma","2","R1","All",1.24071627328094,NA
"2565","slope.All.rSigma.R1","rSigma","2","R1","All",0.0788137387136596,NA
"2566","mean.All.rConnect.R1","rConnect","3","R1","All",0.246271785399015,NA
"2567","min.All.rConnect.R1","rConnect","3","R1","All",0.209865200152133,NA
"2568","max.All.rConnect.R1","rConnect","3","R1","All",0.286256856056067,NA
"2569","range.All.rConnect.R1","rConnect","3","R1","All",0.076391655903934,NA
"2570","slope.All.rConnect.R1","rConnect","3","R1","All",-0.00222345958569122,NA
"2571","mean.All.rTau1.R1","rTau1","4","R1","All",1254.81494104596,NA
"2572","min.All.rTau1.R1","rTau1","4","R1","All",900.541001519274,NA
"2573","max.All.rTau1.R1","rTau1","4","R1","All",1640.55599086956,NA
"2574","range.All.rTau1.R1","rTau1","4","R1","All",740.014989350286,NA
"2575","slope.All.rTau1.R1","rTau1","4","R1","All",39.9133001650792,NA
"2576","mean.All.rTau2.R1","rTau2","5","R1","All",1608770.72780415,NA
"2577","min.All.rTau2.R1","rTau2","5","R1","All",1322623.69655581,NA
"2578","max.All.rTau2.R1","rTau2","5","R1","All",1841761.41790156,NA
"2579","range.All.rTau2.R1","rTau2","5","R1","All",519137.72134575,NA
"2580","slope.All.rTau2.R1","rTau2","5","R1","All",-81920.7421910982,NA
"2581","mean.All.rNPQ.R1","rNPQ","6","R1","All",0.430388857470863,NA
"2582","min.All.rNPQ.R1","rNPQ","6","R1","All",0.35584661869887,NA
"2583","max.All.rNPQ.R1","rNPQ","6","R1","All",0.543062132644126,NA
"2584","range.All.rNPQ.R1","rNPQ","6","R1","All",0.187215513945256,NA
"2585","slope.All.rNPQ.R1","rNPQ","6","R1","All",-0.0239130640269023,NA
"2586","mean.All.rqP.R1","rqP","7","R1","All",0.966152268320592,NA
"2587","min.All.rqP.R1","rqP","7","R1","All",0.946602927514817,NA
"2588","max.All.rqP.R1","rqP","7","R1","All",1,NA
"2589","range.All.rqP.R1","rqP","7","R1","All",0.053397072485183,NA
"2590","slope.All.rqP.R1","rqP","7","R1","All",-0.0103640433256954,NA
"2591","mean.All.rABQ.R1","rABQ","8","R1","All",-0.157372563448928,NA
"2592","min.All.rABQ.R1","rABQ","8","R1","All",-0.248006472319798,NA
"2593","max.All.rABQ.R1","rABQ","8","R1","All",-0.077205148893424,NA
"2594","range.All.rABQ.R1","rABQ","8","R1","All",0.170801323426374,NA
"2595","slope.All.rABQ.R1","rABQ","8","R1","All",-0.0185399734685814,NA
"2596","mean.All.rqm.R1","rqm","9","R1","All",0.41454627147917,NA
"2597","min.All.rqm.R1","rqm","9","R1","All",0.357788826698936,NA
"2598","max.All.rqm.R1","rqm","9","R1","All",0.463395505363496,NA
"2599","range.All.rqm.R1","rqm","9","R1","All",0.10560667866456,NA
"2600","slope.All.rqm.R1","rqm","9","R1","All",-0.0173136475503998,NA
"2601","DCompL1.qQuant.1","qQuant","99","99","1",0.89296458129806,NA
"2602","DCompL12.qQuant.1","qQuant","99","99","1",0.850212694417862,NA
"2603","DCompL2.qQuant.1","qQuant","99","99","1",0.764775424304889,NA
"2604","DCompL22.qQuant.1","qQuant","99","99","1",0.667229769091284,NA
"2605","DCompL3.qQuant.1","qQuant","99","99","1",0.881761657260317,NA
"2606","DCompL32.qQuant.1","qQuant","99","99","1",0.851171217785358,NA
"2607","DCompR1.qQuant.1","qQuant","99","99","1",0.461469213930101,NA
"2608","DCompR12.qQuant.1","qQuant","99","99","1",0.404164688344383,NA
"2609","L1CompL2.qQuant.1","qQuant","99","99","1",-1.1976330690137,NA
"2610","L1CompL22.qQuant.1","qQuant","99","99","1",-2.10897303849837,NA
"2611","L1CompL3.qQuant.1","qQuant","99","99","1",-0.104665578680456,NA
"2612","L1CompL32.qQuant.1","qQuant","99","99","1",-0.390462932920212,NA
"2613","L1CompR1.qQuant.1","qQuant","99","99","1",-4.03133254955108,NA
"2614","L1CompR12.qQuant.1","qQuant","99","99","1",-4.56671164444016,NA
"2615","L12CompL2.qQuant.1","qQuant","99","99","1",-0.570390593387912,NA
"2616","L12CompL22.qQuant.1","qQuant","99","99","1",-1.22161837824258,NA
"2617","L12CompL3.qQuant.1","qQuant","99","99","1",0.210625077471298,NA
"2618","L12CompL32.qQuant.1","qQuant","99","99","1",0.00639922965281142,NA
"2619","L12CompR1.qQuant.1","qQuant","99","99","1",-2.59530324667325,NA
"2620","L12CompR12.qQuant.1","qQuant","99","99","1",-2.97787589101722,NA
"2621","L2CompL3.qQuant.1","qQuant","99","99","1",0.497338480087474,NA
"2622","L2CompL32.qQuant.1","qQuant","99","99","1",0.367290676261869,NA
"2623","L2CompR1.qQuant.1","qQuant","99","99","1",-1.28943249011499,NA
"2624","L2CompR12.qQuant.1","qQuant","99","99","1",-1.53304872543555,NA
"2625","L22CompL3.qQuant.1","qQuant","99","99","1",0.644684735119476,NA
"2626","L22CompL32.qQuant.1","qQuant","99","99","1",0.552758124402455,NA
"2627","L22CompR1.qQuant.1","qQuant","99","99","1",-0.618326208445091,NA
"2628","L22CompR12.qQuant.1","qQuant","99","99","1",-0.79053069148804,NA
"2629","L3CompR1.qQuant.1","qQuant","99","99","1",-3.55462055363498,NA
"2630","L3CompR12.qQuant.1","qQuant","99","99","1",-4.0392731989438,NA
"2631","L32CompR1.qQuant.1","qQuant","99","99","1",-2.61845859420676,NA
"2632","L32CompR12.qQuant.1","qQuant","99","99","1",-3.00349517606277,NA
"2633","DCompL1.qSigma.1","qSigma","99","99","1",0.313248187173252,NA
"2634","DCompL12.qSigma.1","qSigma","99","99","1",0.221832954927181,NA
"2635","DCompL2.qSigma.1","qSigma","99","99","1",-0.0674179746803475,NA
"2636","DCompL22.qSigma.1","qSigma","99","99","1",-0.0673799131134567,NA
"2637","DCompL3.qSigma.1","qSigma","99","99","1",0.233625542578308,NA
"2638","DCompL32.qSigma.1","qSigma","99","99","1",0.223959403929565,NA
"2639","DCompR1.qSigma.1","qSigma","99","99","1",-0.0805087923739737,NA
"2640","DCompR12.qSigma.1","qSigma","99","99","1",-0.163538189682291,NA
"2641","L1CompL2.qSigma.1","qSigma","99","99","1",-0.554299464149551,NA
"2642","L1CompL22.qSigma.1","qSigma","99","99","1",-0.554244041555566,NA
"2643","L1CompL3.qSigma.1","qSigma","99","99","1",-0.115940931072622,NA
"2644","L1CompL32.qSigma.1","qSigma","99","99","1",-0.130016086708478,NA
"2645","L1CompR1.qSigma.1","qSigma","99","99","1",-0.573361398095882,NA
"2646","L1CompR12.qSigma.1","qSigma","99","99","1",-0.694263004407715,NA
"2647","L12CompL2.qSigma.1","qSigma","99","99","1",-0.371708017499586,NA
"2648","L12CompL22.qSigma.1","qSigma","99","99","1",-0.371659105679005,NA
"2649","L12CompL3.qSigma.1","qSigma","99","99","1",0.0151543138787419,NA
"2650","L12CompL32.qSigma.1","qSigma","99","99","1",0.00273263821161224,NA
"2651","L12CompR1.qSigma.1","qSigma","99","99","1",-0.388530649319469,NA
"2652","L12CompR12.qSigma.1","qSigma","99","99","1",-0.495229330321243,NA
"2653","L2CompL3.qSigma.1","qSigma","99","99","1",0.282029649490217,NA
"2654","L2CompL32.qSigma.1","qSigma","99","99","1",0.27297402284908,NA
"2655","L2CompR1.qSigma.1","qSigma","99","99","1",-0.0122640034214773,NA
"2656","L2CompR12.qSigma.1","qSigma","99","99","1",-0.0900492752435875,NA
"2657","L22CompL3.qSigma.1","qSigma","99","99","1",0.28200404747524,NA
"2658","L22CompL32.qSigma.1","qSigma","99","99","1",0.272948097920645,NA
"2659","L22CompR1.qSigma.1","qSigma","99","99","1",-0.0123000996170343,NA
"2660","L22CompR12.qSigma.1","qSigma","99","99","1",-0.0900881451744286,NA
"2661","L3CompR1.qSigma.1","qSigma","99","99","1",-0.409896665931588,NA
"2662","L3CompR12.qSigma.1","qSigma","99","99","1",-0.518237172983001,NA
"2663","L32CompR1.qSigma.1","qSigma","99","99","1",-0.392335398232059,NA
"2664","L32CompR12.qSigma.1","qSigma","99","99","1",-0.499326447062165,NA
"2665","DCompL1.qConnect.1","qConnect","99","99","1",-0.548842351270617,NA
"2666","DCompL12.qConnect.1","qConnect","99","99","1",0.225579058772436,NA
"2667","DCompL2.qConnect.1","qConnect","99","99","1",0.242274123504023,NA
"2668","DCompL22.qConnect.1","qConnect","99","99","1",0.284910348007975,NA
"2669","DCompL3.qConnect.1","qConnect","99","99","1",-0.0631682300285973,NA
"2670","DCompL32.qConnect.1","qConnect","99","99","1",0.143472219534224,NA
"2671","DCompR1.qConnect.1","qConnect","99","99","1",0.245699333301363,NA
"2672","DCompR12.qConnect.1","qConnect","99","99","1",0.237341092696842,NA
"2673","L1CompL2.qConnect.1","qConnect","99","99","1",0.510779211406271,NA
"2674","L1CompL22.qConnect.1","qConnect","99","99","1",0.53830701271476,NA
"2675","L1CompL3.qConnect.1","qConnect","99","99","1",0.313572340557184,NA
"2676","L1CompL32.qConnect.1","qConnect","99","99","1",0.446988404105098,NA
"2677","L1CompR1.qConnect.1","qConnect","99","99","1",0.512990675855528,NA
"2678","L1CompR12.qConnect.1","qConnect","99","99","1",0.507594232119558,NA
"2679","L12CompL2.qConnect.1","qConnect","99","99","1",0.0215581266502468,NA
"2680","L12CompL22.qConnect.1","qConnect","99","99","1",0.0766137459318835,NA
"2681","L12CompL3.qConnect.1","qConnect","99","99","1",-0.372855734432141,NA
"2682","L12CompL32.qConnect.1","qConnect","99","99","1",-0.106023526569492,NA
"2683","L12CompR1.qConnect.1","qConnect","99","99","1",0.0259810568875288,NA
"2684","L12CompR12.qConnect.1","qConnect","99","99","1",0.0151881661487123,NA
"2685","L2CompL3.qConnect.1","qConnect","99","99","1",-0.403104028788229,NA
"2686","L2CompL32.qConnect.1","qConnect","99","99","1",-0.130392675022131,NA
"2687","L2CompR1.qConnect.1","qConnect","99","99","1",0.00452038118742788,NA
"2688","L2CompR12.qConnect.1","qConnect","99","99","1",-0.0065103106020255,NA
"2689","L22CompL3.qConnect.1","qConnect","99","99","1",-0.486762152223752,NA
"2690","L22CompL32.qConnect.1","qConnect","99","99","1",-0.197790763829047,NA
"2691","L22CompR1.qConnect.1","qConnect","99","99","1",-0.0548337045535222,NA
"2692","L22CompR12.qConnect.1","qConnect","99","99","1",-0.066522085977078,NA
"2693","L3CompR1.qConnect.1","qConnect","99","99","1",0.29051617101242,NA
"2694","L3CompR12.qConnect.1","qConnect","99","99","1",0.282654535978146,NA
"2695","L32CompR1.qConnect.1","qConnect","99","99","1",0.119350610801611,NA
"2696","L32CompR12.qConnect.1","qConnect","99","99","1",0.109592327655237,NA
"2697","DCompL1.qTau1.1","qTau1","99","99","1",-3.06722646196382,NA
"2698","DCompL12.qTau1.1","qTau1","99","99","1",-1.28340925145067,NA
"2699","DCompL2.qTau1.1","qTau1","99","99","1",-0.752622303085545,NA
"2700","DCompL22.qTau1.1","qTau1","99","99","1",-0.879301059963443,NA
"2701","DCompL3.qTau1.1","qTau1","99","99","1",-1.10405474781782,NA
"2702","DCompL32.qTau1.1","qTau1","99","99","1",-0.513875267840009,NA
"2703","DCompR1.qTau1.1","qTau1","99","99","1",-0.603415468379446,NA
"2704","DCompR12.qTau1.1","qTau1","99","99","1",-0.92642414798289,NA
"2705","L1CompL2.qTau1.1","qTau1","99","99","1",0.569086619720873,NA
"2706","L1CompL22.qTau1.1","qTau1","99","99","1",0.53794039315528,NA
"2707","L1CompL3.qTau1.1","qTau1","99","99","1",0.482680699613196,NA
"2708","L1CompL32.qTau1.1","qTau1","99","99","1",0.627786826723917,NA
"2709","L1CompR1.qTau1.1","qTau1","99","99","1",0.605771775096769,NA
"2710","L1CompR12.qTau1.1","qTau1","99","99","1",0.526354343433157,NA
"2711","L12CompL2.qTau1.1","qTau1","99","99","1",0.232453708430896,NA
"2712","L12CompL22.qTau1.1","qTau1","99","99","1",0.176975805467414,NA
"2713","L12CompL3.qTau1.1","qTau1","99","99","1",0.0785468060615518,NA
"2714","L12CompL32.qTau1.1","qTau1","99","99","1",0.337010977389081,NA
"2715","L12CompR1.qTau1.1","qTau1","99","99","1",0.297797594819771,NA
"2716","L12CompR12.qTau1.1","qTau1","99","99","1",0.156338642860882,NA
"2717","L2CompL3.qTau1.1","qTau1","99","99","1",-0.200518071756572,NA
"2718","L2CompL32.qTau1.1","qTau1","99","99","1",0.136222753085599,NA
"2719","L2CompR1.qTau1.1","qTau1","99","99","1",0.0851334793831024,NA
"2720","L2CompR12.qTau1.1","qTau1","99","99","1",-0.0991667426526309,NA
"2721","L22CompL3.qTau1.1","qTau1","99","99","1",-0.119594296327779,NA
"2722","L22CompL32.qTau1.1","qTau1","99","99","1",0.19444771245462,NA
"2723","L22CompR1.qTau1.1","qTau1","99","99","1",0.146802232735059,NA
"2724","L22CompR12.qTau1.1","qTau1","99","99","1",-0.0250747945730226,NA
"2725","L3CompR1.qTau1.1","qTau1","99","99","1",0.237940234187158,NA
"2726","L3CompR12.qTau1.1","qTau1","99","99","1",0.0844229932795984,NA
"2727","L32CompR1.qTau1.1","qTau1","99","99","1",-0.0591463527026189,NA
"2728","L32CompR12.qTau1.1","qTau1","99","99","1",-0.272511803915988,NA
"2729","DCompL1.qTau2.1","qTau2","99","99","1",-3.68757987841748,NA
"2730","DCompL12.qTau2.1","qTau2","99","99","1",-11.7773139125122,NA
"2731","DCompL2.qTau2.1","qTau2","99","99","1",-4.05474691400488,NA
"2732","DCompL22.qTau2.1","qTau2","99","99","1",-2.97643684024009,NA
"2733","DCompL3.qTau2.1","qTau2","99","99","1",-8.32474808218833,NA
"2734","DCompL32.qTau2.1","qTau2","99","99","1",-7.15090275482809,NA
"2735","DCompR1.qTau2.1","qTau2","99","99","1",-0.937272355821436,NA
"2736","DCompR12.qTau2.1","qTau2","99","99","1",-0.662357761760366,NA
"2737","L1CompL2.qTau2.1","qTau2","99","99","1",-0.0783276328320095,NA
"2738","L1CompL22.qTau2.1","qTau2","99","99","1",0.151707929597452,NA
"2739","L1CompL3.qTau2.1","qTau2","99","99","1",-0.989245692669957,NA
"2740","L1CompL32.qTau2.1","qTau2","99","99","1",-0.738829623438828,NA
"2741","L1CompR1.qTau2.1","qTau2","99","99","1",0.586722273311862,NA
"2742","L1CompR12.qTau2.1","qTau2","99","99","1",0.64536972064963,NA
"2743","L12CompL2.qTau2.1","qTau2","99","99","1",0.604396749691262,NA
"2744","L12CompL22.qTau2.1","qTau2","99","99","1",0.68878929738541,NA
"2745","L12CompL3.qTau2.1","qTau2","99","99","1",0.270210613432838,NA
"2746","L12CompL32.qTau2.1","qTau2","99","99","1",0.362080104579232,NA
"2747","L12CompR1.qTau2.1","qTau2","99","99","1",0.848381876731982,NA
"2748","L12CompR12.qTau2.1","qTau2","99","99","1",0.869897712997995,NA
"2749","L2CompL3.qTau2.1","qTau2","99","99","1",-0.844750734473534,NA
"2750","L2CompL32.qTau2.1","qTau2","99","99","1",-0.612524403990412,NA
"2751","L2CompR1.qTau2.1","qTau2","99","99","1",0.616741967742449,NA
"2752","L2CompR12.qTau2.1","qTau2","99","99","1",0.671129377980414,NA
"2753","L22CompL3.qTau2.1","qTau2","99","99","1",-1.34500092842549,NA
"2754","L22CompL32.qTau2.1","qTau2","99","99","1",-1.04980063365874,NA
"2755","L22CompR1.qTau2.1","qTau2","99","99","1",0.512811988809442,NA
"2756","L22CompR12.qTau2.1","qTau2","99","99","1",0.581947902469388,NA
"2757","L3CompR1.qTau2.1","qTau2","99","99","1",0.792244000722988,NA
"2758","L3CompR12.qTau2.1","qTau2","99","99","1",0.82172625500353,NA
"2759","L32CompR1.qTau2.1","qTau2","99","99","1",0.762324197197186,NA
"2760","L32CompR12.qTau2.1","qTau2","99","99","1",0.796052313251353,NA
"2761","DCompL1.qNPQ.1","qNPQ","99","99","1",0.915580763397613,NA
"2762","DCompL12.qNPQ.1","qNPQ","99","99","1",0.707968399504457,NA
"2763","DCompL2.qNPQ.1","qNPQ","99","99","1",0.652709014823899,NA
"2764","DCompL22.qNPQ.1","qNPQ","99","99","1",0.729524119662335,NA
"2765","DCompL3.qNPQ.1","qNPQ","99","99","1",0.759727018828957,NA
"2766","DCompL32.qNPQ.1","qNPQ","99","99","1",0.493651567147569,NA
"2767","DCompR1.qNPQ.1","qNPQ","99","99","1",0.380433739308217,NA
"2768","DCompR12.qNPQ.1","qNPQ","99","99","1",0.5029129033816,NA
"2769","L1CompL2.qNPQ.1","qNPQ","99","99","1",-3.11388445517265,NA
"2770","L1CompL22.qNPQ.1","qNPQ","99","99","1",-2.20396027284162,NA
"2771","L1CompL3.qNPQ.1","qNPQ","99","99","1",-1.84618756152374,NA
"2772","L1CompL32.qNPQ.1","qNPQ","99","99","1",-4.99802193470812,NA
"2773","L1CompR1.qNPQ.1","qNPQ","99","99","1",-6.33915971794354,NA
"2774","L1CompR12.qNPQ.1","qNPQ","99","99","1",-4.88831546723966,NA
"2775","L12CompL2.qNPQ.1","qNPQ","99","99","1",-0.189223990098298,NA
"2776","L12CompL22.qNPQ.1","qNPQ","99","99","1",0.0738129713404322,NA
"2777","L12CompL3.qNPQ.1","qNPQ","99","99","1",0.177236364957324,NA
"2778","L12CompL32.qNPQ.1","qNPQ","99","99","1",-0.73388233325852,NA
"2779","L12CompR1.qNPQ.1","qNPQ","99","99","1",-1.12157266419269,NA
"2780","L12CompR12.qNPQ.1","qNPQ","99","99","1",-0.702168860407239,NA
"2781","L2CompL3.qNPQ.1","qNPQ","99","99","1",0.308150826174749,NA
"2782","L2CompL32.qNPQ.1","qNPQ","99","99","1",-0.457994749260988,NA
"2783","L2CompR1.qNPQ.1","qNPQ","99","99","1",-0.783997532724955,NA
"2784","L2CompR12.qNPQ.1","qNPQ","99","99","1",-0.431327382040571,NA
"2785","L22CompL3.qNPQ.1","qNPQ","99","99","1",0.111665776367623,NA
"2786","L22CompL32.qNPQ.1","qNPQ","99","99","1",-0.872065014522926,NA
"2787","L22CompR1.qNPQ.1","qNPQ","99","99","1",-1.29065253403857,NA
"2788","L22CompR12.qNPQ.1","qNPQ","99","99","1",-0.837824119466149,NA
"2789","L3CompR1.qNPQ.1","qNPQ","99","99","1",-1.57859313882127,NA
"2790","L3CompR12.qNPQ.1","qNPQ","99","99","1",-1.06884308920502,NA
"2791","L32CompR1.qNPQ.1","qNPQ","99","99","1",-0.223596678677483,NA
"2792","L32CompR12.qNPQ.1","qNPQ","99","99","1",0.0182904411925585,NA
"2793","DCompL1.qqP.1","qqP","99","99","1",0.84775158973965,NA
"2794","DCompL12.qqP.1","qqP","99","99","1",0.646871889898645,NA
"2795","DCompL2.qqP.1","qqP","99","99","1",0.567692441107509,NA
"2796","DCompL22.qqP.1","qqP","99","99","1",0.574539196102381,NA
"2797","DCompL3.qqP.1","qqP","99","99","1",0.702228782202364,NA
"2798","DCompL32.qqP.1","qqP","99","99","1",0.506663590052464,NA
"2799","DCompR1.qqP.1","qqP","99","99","1",0.290430737102425,NA
"2800","DCompR12.qqP.1","qqP","99","99","1",0.322781524571556,NA
"2801","L1CompL2.qqP.1","qqP","99","99","1",-1.83948816380566,NA
"2802","L1CompL22.qqP.1","qqP","99","99","1",-1.79451721807844,NA
"2803","L1CompL3.qqP.1","qqP","99","99","1",-0.95582480820941,NA
"2804","L1CompL32.qqP.1","qqP","99","99","1",-2.24033866169055,NA
"2805","L1CompR1.qqP.1","qqP","99","99","1",-3.66060211521544,NA
"2806","L1CompR12.qqP.1","qqP","99","99","1",-3.44811524974466,NA
"2807","L12CompL2.qqP.1","qqP","99","99","1",-0.22422301291282,NA
"2808","L12CompL22.qqP.1","qqP","99","99","1",-0.204834142984262,NA
"2809","L12CompL3.qqP.1","qqP","99","99","1",0.156761500204077,NA
"2810","L12CompL32.qqP.1","qqP","99","99","1",-0.397046555727149,NA
"2811","L12CompR1.qqP.1","qqP","99","99","1",-1.00938198517788,NA
"2812","L12CompR12.qqP.1","qqP","99","99","1",-0.917769942568627,NA
"2813","L2CompL3.qqP.1","qqP","99","99","1",0.311205155513628,NA
"2814","L2CompL32.qqP.1","qqP","99","99","1",-0.141169983729619,NA
"2815","L2CompR1.qqP.1","qqP","99","99","1",-0.641352894026159,NA
"2816","L2CompR12.qqP.1","qqP","99","99","1",-0.566520088529977,NA
"2817","L22CompL3.qqP.1","qqP","99","99","1",0.300120680754199,NA
"2818","L22CompL32.qqP.1","qqP","99","99","1",-0.159534334133987,NA
"2819","L22CompR1.qqP.1","qqP","99","99","1",-0.667766469665965,NA
"2820","L22CompR12.qqP.1","qqP","99","99","1",-0.591729412496968,NA
"2821","L3CompR1.qqP.1","qqP","99","99","1",-1.38293434854336,NA
"2822","L3CompR12.qqP.1","qqP","99","99","1",-1.274291250972,NA
"2823","L32CompR1.qqP.1","qqP","99","99","1",-0.438307103611174,NA
"2824","L32CompR12.qqP.1","qqP","99","99","1",-0.372731592019456,NA
"2825","DCompL1.qABQ.1","qABQ","99","99","1",0,NA
"2826","DCompL12.qABQ.1","qABQ","99","99","1",0,NA
"2827","DCompL2.qABQ.1","qABQ","99","99","1",1,NA
"2828","DCompL22.qABQ.1","qABQ","99","99","1",1,NA
"2829","DCompL3.qABQ.1","qABQ","99","99","1",0,NA
"2830","DCompL32.qABQ.1","qABQ","99","99","1",0,NA
"2831","DCompR1.qABQ.1","qABQ","99","99","1",1,NA
"2832","DCompR12.qABQ.1","qABQ","99","99","1",1,NA
"2833","L1CompL2.qABQ.1","qABQ","99","99","1",1.21522223412919,NA
"2834","L1CompL22.qABQ.1","qABQ","99","99","1",1.21510072802493,NA
"2835","L1CompL3.qABQ.1","qABQ","99","99","1",0.254183895886063,NA
"2836","L1CompL32.qABQ.1","qABQ","99","99","1",0.28504165993562,NA
"2837","L1CompR1.qABQ.1","qABQ","99","99","1",1.25701279582967,NA
"2838","L1CompR12.qABQ.1","qABQ","99","99","1",1.52207226211924,NA
"2839","L12CompL2.qABQ.1","qABQ","99","99","1",1.30391325176405,NA
"2840","L12CompL22.qABQ.1","qABQ","99","99","1",1.30374167416006,NA
"2841","L12CompL3.qABQ.1","qABQ","99","99","1",-0.053159764539935,NA
"2842","L12CompL32.qABQ.1","qABQ","99","99","1",-0.00958581200471784,NA
"2843","L12CompR1.qABQ.1","qABQ","99","99","1",1.36292530296231,NA
"2844","L12CompR12.qABQ.1","qABQ","99","99","1",1.73721323207353,NA
"2845","L2CompL3.qABQ.1","qABQ","99","99","1",4.46533018361958,NA
"2846","L2CompL32.qABQ.1","qABQ","99","99","1",4.32195390014956,NA
"2847","L2CompR1.qABQ.1","qABQ","99","99","1",-0.194173998191028,NA
"2848","L2CompR12.qABQ.1","qABQ","99","99","1",-1.42573572489655,NA
"2849","L22CompL3.qABQ.1","qABQ","99","99","1",4.46728767941457,NA
"2850","L22CompL32.qABQ.1","qABQ","99","99","1",4.3238304055462,NA
"2851","L22CompR1.qABQ.1","qABQ","99","99","1",-0.194848563226995,NA
"2852","L22CompR12.qABQ.1","qABQ","99","99","1",-1.42710597454944,NA
"2853","L3CompR1.qABQ.1","qABQ","99","99","1",1.34460612262457,NA
"2854","L3CompR12.qABQ.1","qABQ","99","99","1",1.70000132638525,NA
"2855","L32CompR1.qABQ.1","qABQ","99","99","1",1.35947940100471,NA
"2856","L32CompR12.qABQ.1","qABQ","99","99","1",1.73021354233342,NA
"2857","DCompL1.qqm.1","qqm","99","99","1",0,NA
"2858","DCompL12.qqm.1","qqm","99","99","1",0,NA
"2859","DCompL2.qqm.1","qqm","99","99","1",0,NA
"2860","DCompL22.qqm.1","qqm","99","99","1",0,NA
"2861","DCompL3.qqm.1","qqm","99","99","1",0,NA
"2862","DCompL32.qqm.1","qqm","99","99","1",0,NA
"2863","DCompR1.qqm.1","qqm","99","99","1",0,NA
"2864","DCompR12.qqm.1","qqm","99","99","1",0,NA
"2865","L1CompL2.qqm.1","qqm","99","99","1",0.143554581758246,NA
"2866","L1CompL22.qqm.1","qqm","99","99","1",0.252792570875135,NA
"2867","L1CompL3.qqm.1","qqm","99","99","1",0.0125457652771153,NA
"2868","L1CompL32.qqm.1","qqm","99","99","1",0.0468029352877009,NA
"2869","L1CompR1.qqm.1","qqm","99","99","1",0.483216665481529,NA
"2870","L1CompR12.qqm.1","qqm","99","99","1",0.547390012091108,NA
"2871","L12CompL2.qqm.1","qqm","99","99","1",0.100489290119892,NA
"2872","L12CompL22.qqm.1","qqm","99","99","1",0.215220175525449,NA
"2873","L12CompL3.qqm.1","qqm","99","99","1",-0.037107141600675,NA
"2874","L12CompL32.qqm.1","qqm","99","99","1",-0.00112739244401934,NA
"2875","L12CompR1.qqm.1","qqm","99","99","1",0.457230858866359,NA
"2876","L12CompR12.qqm.1","qqm","99","99","1",0.524631082318626,NA
"2877","L2CompL3.qqm.1","qqm","99","99","1",-0.152968086104174,NA
"2878","L2CompL32.qqm.1","qqm","99","99","1",-0.112968841224198,NA
"2879","L2CompR1.qqm.1","qqm","99","99","1",0.396595132029073,NA
"2880","L2CompR12.qqm.1","qqm","99","99","1",0.471525005250094,NA
"2881","L22CompL3.qqm.1","qqm","99","99","1",-0.321526253933795,NA
"2882","L22CompL32.qqm.1","qqm","99","99","1",-0.275679319501267,NA
"2883","L22CompR1.qqm.1","qqm","99","99","1",0.308380358150705,NA
"2884","L22CompR12.qqm.1","qqm","99","99","1",0.394264604088596,NA
"2885","L3CompR1.qqm.1","qqm","99","99","1",0.476650849886223,NA
"2886","L3CompR12.qqm.1","qqm","99","99","1",0.541639529212297,NA
"2887","L32CompR1.qqm.1","qqm","99","99","1",0.457842083604768,NA
"2888","L32CompR12.qqm.1","qqm","99","99","1",0.525166406124527,NA
"2889","DCompL1.qQuant.2","qQuant","99","99","2",0.890717284398059,NA
"2890","DCompL12.qQuant.2","qQuant","99","99","2",0.858113963473518,NA
"2891","DCompL2.qQuant.2","qQuant","99","99","2",0.760675880141644,NA
"2892","DCompL22.qQuant.2","qQuant","99","99","2",0.660401785883453,NA
"2893","DCompL3.qQuant.2","qQuant","99","99","2",0.86422084008334,NA
"2894","DCompL32.qQuant.2","qQuant","99","99","2",0.852285171088983,NA
"2895","DCompR1.qQuant.2","qQuant","99","99","2",0.463395505363496,NA
"2896","DCompR12.qQuant.2","qQuant","99","99","2",0.386020023270066,NA
"2897","L1CompL2.qQuant.2","qQuant","99","99","2",-1.18995399720929,NA
"2898","L1CompL22.qQuant.2","qQuant","99","99","2",-2.10751990601627,NA
"2899","L1CompL3.qQuant.2","qQuant","99","99","2",-0.242457777231957,NA
"2900","L1CompL32.qQuant.2","qQuant","99","99","2",-0.351676045908888,NA
"2901","L1CompR1.qQuant.2","qQuant","99","99","2",-3.91024121866691,NA
"2902","L1CompR12.qQuant.2","qQuant","99","99","2",-4.61827159352753,NA
"2903","L12CompL2.qQuant.2","qQuant","99","99","2",-0.686734831117008,NA
"2904","L12CompL22.qQuant.2","qQuant","99","99","2",-1.39345761168798,NA
"2905","L12CompL3.qQuant.2","qQuant","99","99","2",0.0430407160515896,NA
"2906","L12CompL32.qQuant.2","qQuant","99","99","2",-0.041080803490115,NA
"2907","L12CompR1.qQuant.2","qQuant","99","99","2",-2.78194012443467,NA
"2908","L12CompR12.qQuant.2","qQuant","99","99","2",-3.32727554987654,NA
"2909","L2CompL3.qQuant.2","qQuant","99","99","2",0.43265576408671,NA
"2910","L2CompL32.qQuant.2","qQuant","99","99","2",0.382783360914721,NA
"2911","L2CompR1.qQuant.2","qQuant","99","99","2",-1.24216637651939,NA
"2912","L2CompR12.qQuant.2","qQuant","99","99","2",-1.56547470891491,NA
"2913","L22CompL3.qQuant.2","qQuant","99","99","2",0.600177049605856,NA
"2914","L22CompL32.qQuant.2","qQuant","99","99","2",0.56503060743328,NA
"2915","L22CompR1.qQuant.2","qQuant","99","99","2",-0.580115773083385,NA
"2916","L22CompR12.qQuant.2","qQuant","99","99","2",-0.807959969186475,NA
"2917","L3CompR1.qQuant.2","qQuant","99","99","2",-2.95203869994385,NA
"2918","L3CompR12.qQuant.2","qQuant","99","99","2",-3.52190142512879,NA
"2919","L32CompR1.qQuant.2","qQuant","99","99","2",-2.63270565719405,NA
"2920","L32CompR12.qQuant.2","qQuant","99","99","2",-3.15652227509123,NA
"2921","DCompL1.qSigma.2","qSigma","99","99","2",0.395604263015818,NA
"2922","DCompL12.qSigma.2","qSigma","99","99","2",0.167826402076933,NA
"2923","DCompL2.qSigma.2","qSigma","99","99","2",0.0901892039577422,NA
"2924","DCompL22.qSigma.2","qSigma","99","99","2",-0.0284206378717266,NA
"2925","DCompL3.qSigma.2","qSigma","99","99","2",0.260443477471093,NA
"2926","DCompL32.qSigma.2","qSigma","99","99","2",0.314965574977338,NA
"2927","DCompR1.qSigma.2","qSigma","99","99","2",-0.0772051488934254,NA
"2928","DCompR12.qSigma.2","qSigma","99","99","2",-0.156829282907264,NA
"2929","L1CompL2.qSigma.2","qSigma","99","99","2",-0.505322986859633,NA
"2930","L1CompL22.qSigma.2","qSigma","99","99","2",-0.701568318471847,NA
"2931","L1CompL3.qSigma.2","qSigma","99","99","2",-0.223629614297333,NA
"2932","L1CompL32.qSigma.2","qSigma","99","99","2",-0.133420345485645,NA
"2933","L1CompR1.qSigma.2","qSigma","99","99","2",-0.782284491728005,NA
"2934","L1CompR12.qSigma.2","qSigma","99","99","2",-0.914026211832034,NA
"2935","L12CompL2.qSigma.2","qSigma","99","99","2",-0.093294474029165,NA
"2936","L12CompL22.qSigma.2","qSigma","99","99","2",-0.235824640962476,NA
"2937","L12CompL3.qSigma.2","qSigma","99","99","2",0.111295378302453,NA
"2938","L12CompL32.qSigma.2","qSigma","99","99","2",0.176813075141574,NA
"2939","L12CompR1.qSigma.2","qSigma","99","99","2",-0.294447638788236,NA
"2940","L12CompR12.qSigma.2","qSigma","99","99","2",-0.390129758736001,NA
"2941","L2CompL3.qSigma.2","qSigma","99","99","2",0.187131515974497,NA
"2942","L2CompL32.qSigma.2","qSigma","99","99","2",0.247058368616188,NA
"2943","L2CompR1.qSigma.2","qSigma","99","99","2",-0.183988092446633,NA
"2944","L2CompR12.qSigma.2","qSigma","99","99","2",-0.271505337087177,NA
"2945","L22CompL3.qSigma.2","qSigma","99","99","2",0.280881289917142,NA
"2946","L22CompL32.qSigma.2","qSigma","99","99","2",0.333896656877372,NA
"2947","L22CompR1.qSigma.2","qSigma","99","99","2",-0.0474363399811349,NA
"2948","L22CompR12.qSigma.2","qSigma","99","99","2",-0.124860042969649,NA
"2949","L3CompR1.qSigma.2","qSigma","99","99","2",-0.456555538459633,NA
"2950","L3CompR12.qSigma.2","qSigma","99","99","2",-0.564220242357537,NA
"2951","L32CompR1.qSigma.2","qSigma","99","99","2",-0.572483235215207,NA
"2952","L32CompR12.qSigma.2","qSigma","99","99","2",-0.688717005527121,NA
"2953","DCompL1.qConnect.2","qConnect","99","99","2",-0.495714367191187,NA
"2954","DCompL12.qConnect.2","qConnect","99","99","2",-0.295912080276531,NA
"2955","DCompL2.qConnect.2","qConnect","99","99","2",0.425119063256217,NA
"2956","DCompL22.qConnect.2","qConnect","99","99","2",0.230947069803069,NA
"2957","DCompL3.qConnect.2","qConnect","99","99","2",-0.606461388058304,NA
"2958","DCompL32.qConnect.2","qConnect","99","99","2",-0.46435836250268,NA
"2959","DCompR1.qConnect.2","qConnect","99","99","2",0.296750457512464,NA
"2960","DCompR12.qConnect.2","qConnect","99","99","2",0.232086922920101,NA
"2961","L1CompL2.qConnect.2","qConnect","99","99","2",0.615647914231541,NA
"2962","L1CompL22.qConnect.2","qConnect","99","99","2",0.485829014505529,NA
"2963","L1CompL3.qConnect.2","qConnect","99","99","2",-0.0740428943496005,NA
"2964","L1CompL32.qConnect.2","qConnect","99","99","2",0.0209638988407863,NA
"2965","L1CompR1.qConnect.2","qConnect","99","99","2",0.529823636174483,NA
"2966","L1CompR12.qConnect.2","qConnect","99","99","2",0.486591093911889,NA
"2967","L12CompL2.qConnect.2","qConnect","99","99","2",0.556388936029433,NA
"2968","L12CompL22.qConnect.2","qConnect","99","99","2",0.406554702358493,NA
"2969","L12CompL3.qConnect.2","qConnect","99","99","2",-0.23963763630902,NA
"2970","L12CompL32.qConnect.2","qConnect","99","99","2",-0.129982801140494,NA
"2971","L12CompR1.qConnect.2","qConnect","99","99","2",0.457332365990854,NA
"2972","L12CompR12.qConnect.2","qConnect","99","99","2",0.40743427832231,NA
"2973","L2CompL3.qConnect.2","qConnect","99","99","2",-1.79442452407199,NA
"2974","L2CompL32.qConnect.2","qConnect","99","99","2",-1.54723764332322,NA
"2975","L2CompR1.qConnect.2","qConnect","99","99","2",-0.223295986245174,NA
"2976","L2CompR12.qConnect.2","qConnect","99","99","2",-0.335777598452787,NA
"2977","L22CompL3.qConnect.2","qConnect","99","99","2",-1.08888273482937,NA
"2978","L22CompL32.qConnect.2","qConnect","99","99","2",-0.904106082955438,NA
"2979","L22CompR1.qConnect.2","qConnect","99","99","2",0.0855641856699575,NA
"2980","L22CompR12.qConnect.2","qConnect","99","99","2",0.00148215171189849,NA
"2981","L3CompR1.qConnect.2","qConnect","99","99","2",0.562236884300382,NA
"2982","L3CompR12.qConnect.2","qConnect","99","99","2",0.521984728180701,NA
"2983","L32CompR1.qConnect.2","qConnect","99","99","2",0.519755846317811,NA
"2984","L32CompR12.qConnect.2","qConnect","99","99","2",0.475597574512097,NA
"2985","DCompL1.qTau1.2","qTau1","99","99","2",-3.19409875897823,NA
"2986","DCompL12.qTau1.2","qTau1","99","99","2",-1.07202514803895,NA
"2987","DCompL2.qTau1.2","qTau1","99","99","2",-1.17488344018227,NA
"2988","DCompL22.qTau1.2","qTau1","99","99","2",-1.17413325023842,NA
"2989","DCompL3.qTau1.2","qTau1","99","99","2",-1.12393860381912,NA
"2990","DCompL32.qTau1.2","qTau1","99","99","2",-0.733285545322563,NA
"2991","DCompR1.qTau1.2","qTau1","99","99","2",-0.830910933282562,NA
"2992","DCompR12.qTau1.2","qTau1","99","99","2",-1.17363786330735,NA
"2993","L1CompL2.qTau1.2","qTau1","99","99","2",0.481442005740437,NA
"2994","L1CompL22.qTau1.2","qTau1","99","99","2",0.481620873713502,NA
"2995","L1CompL3.qTau1.2","qTau1","99","99","2",0.493588795620884,NA
"2996","L1CompL32.qTau1.2","qTau1","99","99","2",0.586732300565849,NA
"2997","L1CompR1.qTau1.2","qTau1","99","99","2",0.563455455271967,NA
"2998","L1CompR12.qTau1.2","qTau1","99","99","2",0.481738988941478,NA
"2999","L12CompL2.qTau1.2","qTau1","99","99","2",-0.0496414303854719,NA
"3000","L12CompL22.qTau1.2","qTau1","99","99","2",-0.0492793739960696,NA
"3001","L12CompL3.qTau1.2","qTau1","99","99","2",-0.0250544525626561,NA
"3002","L12CompL32.qTau1.2","qTau1","99","99","2",0.163482380045911,NA
"3003","L12CompR1.qTau1.2","qTau1","99","99","2",0.116366451915214,NA
"3004","L12CompR12.qTau1.2","qTau1","99","99","2",-0.0490402905411515,NA
"3005","L2CompL3.qTau1.2","qTau1","99","99","2",0.0234241685884926,NA
"3006","L2CompL32.qTau1.2","qTau1","99","99","2",0.203044396173572,NA
"3007","L2CompR1.qTau1.2","qTau1","99","99","2",0.158156754768836,NA
"3008","L2CompR12.qTau1.2","qTau1","99","99","2",0.000572709714878179,NA
"3009","L22CompL3.qTau1.2","qTau1","99","99","2",0.0230871987325505,NA
"3010","L22CompL32.qTau1.2","qTau1","99","99","2",0.202769404712207,NA
"3011","L22CompR1.qTau1.2","qTau1","99","99","2",0.157866274718085,NA
"3012","L22CompR12.qTau1.2","qTau1","99","99","2",0.000227854907704451,NA
"3013","L3CompR1.qTau1.2","qTau1","99","99","2",0.13796428484781,NA
"3014","L3CompR12.qTau1.2","qTau1","99","99","2",-0.0233995744504405,NA
"3015","L32CompR1.qTau1.2","qTau1","99","99","2",-0.0563238920577459,NA
"3016","L32CompR12.qTau1.2","qTau1","99","99","2",-0.254056418559033,NA
"3017","DCompL1.qTau2.2","qTau2","99","99","2",-4.51473261013664,NA
"3018","DCompL12.qTau2.2","qTau2","99","99","2",-14.4578724721334,NA
"3019","DCompL2.qTau2.2","qTau2","99","99","2",-6.95057999537809,NA
"3020","DCompL22.qTau2.2","qTau2","99","99","2",-3.58849063289584,NA
"3021","DCompL3.qTau2.2","qTau2","99","99","2",-11.4955182257795,NA
"3022","DCompL32.qTau2.2","qTau2","99","99","2",-11.9453213045397,NA
"3023","DCompR1.qTau2.2","qTau2","99","99","2",-1.18626256131017,NA
"3024","DCompR12.qTau2.2","qTau2","99","99","2",-0.958929370941221,NA
"3025","L1CompL2.qTau2.2","qTau2","99","99","2",-0.44169818510586,NA
"3026","L1CompL22.qTau2.2","qTau2","99","99","2",0.167957731175991,NA
"3027","L1CompL3.qTau2.2","qTau2","99","99","2",-1.26584298988704,NA
"3028","L1CompL32.qTau2.2","qTau2","99","99","2",-1.34740688619153,NA
"3029","L1CompR1.qTau2.2","qTau2","99","99","2",0.603559643618695,NA
"3030","L1CompR12.qTau2.2","qTau2","99","99","2",0.644782529013191,NA
"3031","L12CompL2.qTau2.2","qTau2","99","99","2",0.485661431758416,NA
"3032","L12CompL22.qTau2.2","qTau2","99","99","2",0.703161567598147,NA
"3033","L12CompL3.qTau2.2","qTau2","99","99","2",0.191640489446023,NA
"3034","L12CompL32.qTau2.2","qTau2","99","99","2",0.162541848635584,NA
"3035","L12CompR1.qTau2.2","qTau2","99","99","2",0.858566399402541,NA
"3036","L12CompR12.qTau2.2","qTau2","99","99","2",0.873273028065623,NA
"3037","L2CompL3.qTau2.2","qTau2","99","99","2",-0.571648638595368,NA
"3038","L2CompL32.qTau2.2","qTau2","99","99","2",-0.628223514770649,NA
"3039","L2CompR1.qTau2.2","qTau2","99","99","2",0.725018481345875,NA
"3040","L2CompR12.qTau2.2","qTau2","99","99","2",0.753611765169333,NA
"3041","L22CompL3.qTau2.2","qTau2","99","99","2",-1.72323062756119,NA
"3042","L22CompL32.qTau2.2","qTau2","99","99","2",-1.82125917654316,NA
"3043","L22CompR1.qTau2.2","qTau2","99","99","2",0.52353339339163,NA
"3044","L22CompR12.qTau2.2","qTau2","99","99","2",0.573077613606258,NA
"3045","L3CompR1.qTau2.2","qTau2","99","99","2",0.825036263257999,NA
"3046","L3CompR12.qTau2.2","qTau2","99","99","2",0.843229441504895,NA
"3047","L32CompR1.qTau2.2","qTau2","99","99","2",0.831115620085576,NA
"3048","L32CompR12.qTau2.2","qTau2","99","99","2",0.848676651211874,NA
"3049","DCompL1.qNPQ.2","qNPQ","99","99","2",0.930491567065379,NA
"3050","DCompL12.qNPQ.2","qNPQ","99","99","2",0.712593911644546,NA
"3051","DCompL2.qNPQ.2","qNPQ","99","99","2",0.675168328170872,NA
"3052","DCompL22.qNPQ.2","qNPQ","99","99","2",0.740023531497556,NA
"3053","DCompL3.qNPQ.2","qNPQ","99","99","2",0.780246591308311,NA
"3054","DCompL32.qNPQ.2","qNPQ","99","99","2",0.502551405019587,NA
"3055","DCompR1.qNPQ.2","qNPQ","99","99","2",0.395322237266326,NA
"3056","DCompR12.qNPQ.2","qNPQ","99","99","2",0.536878654628158,NA
"3057","L1CompL2.qNPQ.2","qNPQ","99","99","2",-3.67326996329583,NA
"3058","L1CompL22.qNPQ.2","qNPQ","99","99","2",-2.74021478439854,NA
"3059","L1CompL3.qNPQ.2","qNPQ","99","99","2",-2.16153593763776,NA
"3060","L1CompL32.qNPQ.2","qNPQ","99","99","2",-6.1566653710681,NA
"3061","L1CompR1.qNPQ.2","qNPQ","99","99","2",-7.69934390985949,NA
"3062","L1CompR12.qNPQ.2","qNPQ","99","99","2",-5.66280803377409,NA
"3063","L12CompL2.qNPQ.2","qNPQ","99","99","2",-0.130218478278676,NA
"3064","L12CompL22.qNPQ.2","qNPQ","99","99","2",0.0954385483270812,NA
"3065","L12CompL3.qNPQ.2","qNPQ","99","99","2",0.235390558532965,NA
"3066","L12CompL32.qNPQ.2","qNPQ","99","99","2",-0.730821353948446,NA
"3067","L12CompR1.qNPQ.2","qNPQ","99","99","2",-1.10391424271371,NA
"3068","L12CompR12.qNPQ.2","qNPQ","99","99","2",-0.611383210501335,NA
"3069","L2CompL3.qNPQ.2","qNPQ","99","99","2",0.323485276376355,NA
"3070","L2CompL32.qNPQ.2","qNPQ","99","99","2",-0.531404226008133,NA
"3071","L2CompR1.qNPQ.2","qNPQ","99","99","2",-0.861511099975973,NA
"3072","L2CompR12.qNPQ.2","qNPQ","99","99","2",-0.425727185911412,NA
"3073","L22CompL3.qNPQ.2","qNPQ","99","99","2",0.15471807907252,NA
"3074","L22CompL32.qNPQ.2","qNPQ","99","99","2",-0.913437003917668,NA
"3075","L22CompR1.qNPQ.2","qNPQ","99","99","2",-1.32589420964455,NA
"3076","L22CompR12.qNPQ.2","qNPQ","99","99","2",-0.781397170442321,NA
"3077","L3CompR1.qNPQ.2","qNPQ","99","99","2",-1.75161949174599,NA
"3078","L3CompR12.qNPQ.2","qNPQ","99","99","2",-1.10745921134536,NA
"3079","L32CompR1.qNPQ.2","qNPQ","99","99","2",-0.215558288505132,NA
"3080","L32CompR12.qNPQ.2","qNPQ","99","99","2",0.0690066269257899,NA
"3081","DCompL1.qqP.2","qqP","99","99","2",0.86214052787872,NA
"3082","DCompL12.qqP.2","qqP","99","99","2",0.650542196422291,NA
"3083","DCompL2.qqP.2","qqP","99","99","2",0.578687648072627,NA
"3084","DCompL22.qqP.2","qqP","99","99","2",0.579592893150287,NA
"3085","DCompL3.qqP.2","qqP","99","99","2",0.707823667931202,NA
"3086","DCompL32.qqP.2","qqP","99","99","2",0.505480494723797,NA
"3087","DCompR1.qqP.2","qqP","99","99","2",0.295981510594656,NA
"3088","DCompR12.qqP.2","qqP","99","99","2",0.333574036904342,NA
"3089","L1CompL2.qqP.2","qqP","99","99","2",-2.05610013910926,NA
"3090","L1CompL22.qqP.2","qqP","99","99","2",-2.04953370545235,NA
"3091","L1CompL3.qqP.2","qqP","99","99","2",-1.11937799828335,NA
"3092","L1CompL32.qqP.2","qqP","99","99","2",-2.58712751229133,NA
"3093","L1CompR1.qqP.2","qqP","99","99","2",-4.10678358601281,NA
"3094","L1CompR12.qqP.2","qqP","99","99","2",-3.83409629270435,NA
"3095","L12CompL2.qqP.2","qqP","99","99","2",-0.205617237944113,NA
"3096","L12CompL22.qqP.2","qqP","99","99","2",-0.203026810520851,NA
"3097","L12CompL3.qqP.2","qqP","99","99","2",0.16391527366815,NA
"3098","L12CompL32.qqP.2","qqP","99","99","2",-0.415105057644643,NA
"3099","L12CompR1.qqP.2","qqP","99","99","2",-1.0146022844466,NA
"3100","L12CompR12.qqP.2","qqP","99","99","2",-0.907028420235194,NA
"3101","L2CompL3.qqP.2","qqP","99","99","2",0.306508981442909,NA
"3102","L2CompL32.qqP.2","qqP","99","99","2",-0.173759807928559,NA
"3103","L2CompR1.qqP.2","qqP","99","99","2",-0.67101317154524,NA
"3104","L2CompR12.qqP.2","qqP","99","99","2",-0.581785960100543,NA
"3105","L22CompL3.qqP.2","qqP","99","99","2",0.305015716175214,NA
"3106","L22CompL32.qqP.2","qqP","99","99","2",-0.176287215936586,NA
"3107","L22CompR1.qqP.2","qqP","99","99","2",-0.674611294468476,NA
"3108","L22CompR12.qqP.2","qqP","99","99","2",-0.585191953793237,NA
"3109","L3CompR1.qqP.2","qqP","99","99","2",-1.40956714193938,NA
"3110","L3CompR12.qqP.2","qqP","99","99","2",-1.28090331060333,NA
"3111","L32CompR1.qqP.2","qqP","99","99","2",-0.423641498250165,NA
"3112","L32CompR12.qqP.2","qqP","99","99","2",-0.347623209975186,NA
"3113","DCompL1.qABQ.2","qABQ","99","99","2",0,NA
"3114","DCompL12.qABQ.2","qABQ","99","99","2",0,NA
"3115","DCompL2.qABQ.2","qABQ","99","99","2",0,NA
"3116","DCompL22.qABQ.2","qABQ","99","99","2",1,NA
"3117","DCompL3.qABQ.2","qABQ","99","99","2",0,NA
"3118","DCompL32.qABQ.2","qABQ","99","99","2",0,NA
"3119","DCompR1.qABQ.2","qABQ","99","99","2",1,NA
"3120","DCompR12.qABQ.2","qABQ","99","99","2",1,NA
"3121","L1CompL2.qABQ.2","qABQ","99","99","2",0.772021658032193,NA
"3122","L1CompL22.qABQ.2","qABQ","99","99","2",1.07184108092027,NA
"3123","L1CompL3.qABQ.2","qABQ","99","99","2",0.34165654463466,NA
"3124","L1CompL32.qABQ.2","qABQ","99","99","2",0.203836751969626,NA
"3125","L1CompR1.qABQ.2","qABQ","99","99","2",1.19515752511074,NA
"3126","L1CompR12.qABQ.2","qABQ","99","99","2",1.39642970910299,NA
"3127","L12CompL2.qABQ.2","qABQ","99","99","2",0.462604197899688,NA
"3128","L12CompL22.qABQ.2","qABQ","99","99","2",1.16934545172873,NA
"3129","L12CompL3.qABQ.2","qABQ","99","99","2",-0.551862366397532,NA
"3130","L12CompL32.qABQ.2","qABQ","99","99","2",-0.876734358119375,NA
"3131","L12CompR1.qABQ.2","qABQ","99","99","2",1.4600298161551,NA
"3132","L12CompR12.qABQ.2","qABQ","99","99","2",1.93447324715554,NA
"3133","L2CompL3.qABQ.2","qABQ","99","99","2",-1.88774560637126,NA
"3134","L2CompL32.qABQ.2","qABQ","99","99","2",-2.49227580636936,NA
"3135","L2CompR1.qABQ.2","qABQ","99","99","2",1.8560353734755,NA
"3136","L2CompR12.qABQ.2","qABQ","99","99","2",2.73889197404097,NA
"3137","L22CompL3.qABQ.2","qABQ","99","99","2",10.1638857173646,NA
"3138","L22CompL32.qABQ.2","qABQ","99","99","2",12.0822838107616,NA
"3139","L22CompR1.qABQ.2","qABQ","99","99","2",-1.71651710429178,NA
"3140","L22CompR12.qABQ.2","qABQ","99","99","2",-4.51814789010376,NA
"3141","L3CompR1.qABQ.2","qABQ","99","99","2",1.29643725250133,NA
"3142","L3CompR12.qABQ.2","qABQ","99","99","2",1.60216245163855,NA
"3143","L32CompR1.qABQ.2","qABQ","99","99","2",1.24512249917782,NA
"3144","L32CompR12.qABQ.2","qABQ","99","99","2",1.49792515553024,NA
"3145","DCompL1.qqm.2","qqm","99","99","2",0,NA
"3146","DCompL12.qqm.2","qqm","99","99","2",0,NA
"3147","DCompL2.qqm.2","qqm","99","99","2",0,NA
"3148","DCompL22.qqm.2","qqm","99","99","2",0,NA
"3149","DCompL3.qqm.2","qqm","99","99","2",0,NA
"3150","DCompL32.qqm.2","qqm","99","99","2",0,NA
"3151","DCompR1.qqm.2","qqm","99","99","2",0,NA
"3152","DCompR12.qqm.2","qqm","99","99","2",0,NA
"3153","L1CompL2.qqm.2","qqm","99","99","2",0.14599627349131,NA
"3154","L1CompL22.qqm.2","qqm","99","99","2",0.258573065268687,NA
"3155","L1CompL3.qqm.2","qqm","99","99","2",0.0297473112724259,NA
"3156","L1CompL32.qqm.2","qqm","99","99","2",0.0431473756962605,NA
"3157","L1CompR1.qqm.2","qqm","99","99","2",0.479750181701419,NA
"3158","L1CompR12.qqm.2","qqm","99","99","2",0.566618914854746,NA
"3159","L12CompL2.qqm.2","qqm","99","99","2",0.113549117575782,NA
"3160","L12CompL22.qqm.2","qqm","99","99","2",0.23040317021501,NA
"3161","L12CompL3.qqm.2","qqm","99","99","2",-0.00711662654352142,NA
"3162","L12CompL32.qqm.2","qqm","99","99","2",0.00679256209855955,NA
"3163","L12CompR1.qqm.2","qqm","99","99","2",0.459983725835506,NA
"3164","L12CompR12.qqm.2","qqm","99","99","2",0.550152963707159,NA
"3165","L2CompL3.qqm.2","qqm","99","99","2",-0.136122312597076,NA
"3166","L2CompL32.qqm.2","qqm","99","99","2",-0.120431439117383,NA
"3167","L2CompR1.qqm.2","qqm","99","99","2",0.390810833548175,NA
"3168","L2CompR12.qqm.2","qqm","99","99","2",0.492530217734542,NA
"3169","L22CompL3.qqm.2","qqm","99","99","2",-0.308628865876293,NA
"3170","L22CompL32.qqm.2","qqm","99","99","2",-0.29055552136165,NA
"3171","L22CompR1.qqm.2","qqm","99","99","2",0.298312761611344,NA
"3172","L22CompR12.qqm.2","qqm","99","99","2",0.415477014869566,NA
"3173","L3CompR1.qqm.2","qqm","99","99","2",0.463799663383714,NA
"3174","L3CompR12.qqm.2","qqm","99","99","2",0.553331734938445,NA
"3175","L32CompR1.qqm.2","qqm","99","99","2",0.45629054560294,NA
"3176","L32CompR12.qqm.2","qqm","99","99","2",0.547076452384078,NA
"3177","DCompL1.qQuant.3","qQuant","99","99","3",0.894707854722541,NA
"3178","DCompL12.qQuant.3","qQuant","99","99","3",0.854568291700687,NA
"3179","DCompL2.qQuant.3","qQuant","99","99","3",0.748837057126699,NA
"3180","DCompL22.qQuant.3","qQuant","99","99","3",0.657975239683442,NA
"3181","DCompL3.qQuant.3","qQuant","99","99","3",0.863716197058562,NA
"3182","DCompL32.qQuant.3","qQuant","99","99","3",0.840953007698469,NA
"3183","DCompR1.qQuant.3","qQuant","99","99","3",0.451636606138927,NA
"3184","DCompR12.qQuant.3","qQuant","99","99","3",0.375771560323333,NA
"3185","L1CompL2.qQuant.3","qQuant","99","99","3",-1.38539106797998,NA
"3186","L1CompL22.qQuant.3","qQuant","99","99","3",-2.24834069450553,NA
"3187","L1CompL3.qQuant.3","qQuant","99","99","3",-0.294339692503289,NA
"3188","L1CompL32.qQuant.3","qQuant","99","99","3",-0.510530456782136,NA
"3189","L1CompR1.qQuant.3","qQuant","99","99","3",-4.2080180569601,NA
"3190","L1CompR12.qQuant.3","qQuant","99","99","3",-4.92853757544536,NA
"3191","L12CompL2.qQuant.3","qQuant","99","99","3",-0.727016383224917,NA
"3192","L12CompL22.qQuant.3","qQuant","99","99","3",-1.35178947092223,NA
"3193","L12CompL3.qQuant.3","qQuant","99","99","3",0.0629017252485817,NA
"3194","L12CompL32.qQuant.3","qQuant","99","99","3",-0.0936197763296316,NA
"3195","L12CompR1.qQuant.3","qQuant","99","99","3",-2.77059033599802,NA
"3196","L12CompR12.qQuant.3","qQuant","99","99","3",-3.29224442851171,NA
"3197","L2CompL3.qQuant.3","qQuant","99","99","3",0.457388891122421,NA
"3198","L2CompL32.qQuant.3","qQuant","99","99","3",0.366757729137764,NA
"3199","L2CompR1.qQuant.3","qQuant","99","99","3",-1.18329737495429,NA
"3200","L2CompR12.qQuant.3","qQuant","99","99","3",-1.48535246695034,NA
"3201","L22CompL3.qQuant.3","qQuant","99","99","3",0.601538196195791,NA
"3202","L22CompL32.qQuant.3","qQuant","99","99","3",0.534983981410215,NA
"3203","L22CompR1.qQuant.3","qQuant","99","99","3",-0.603285660820404,NA
"3204","L22CompR12.qQuant.3","qQuant","99","99","3",-0.825097221320813,NA
"3205","L3CompR1.qQuant.3","qQuant","99","99","3",-3.02368720292248,NA
"3206","L3CompR12.qQuant.3","qQuant","99","99","3",-3.58035677170604,NA
"3207","L32CompR1.qQuant.3","qQuant","99","99","3",-2.44780738023295,NA
"3208","L32CompR12.qQuant.3","qQuant","99","99","3",-2.92480505694327,NA
"3209","DCompL1.qSigma.3","qSigma","99","99","3",0.353545226469416,NA
"3210","DCompL12.qSigma.3","qSigma","99","99","3",0.145661555977442,NA
"3211","DCompL2.qSigma.3","qSigma","99","99","3",-0.02306797272166,NA
"3212","DCompL22.qSigma.3","qSigma","99","99","3",-0.0430849208429346,NA
"3213","DCompL3.qSigma.3","qSigma","99","99","3",0.281904742989874,NA
"3214","DCompL32.qSigma.3","qSigma","99","99","3",0.276358397368265,NA
"3215","DCompR1.qSigma.3","qSigma","99","99","3",-0.0971774862472679,NA
"3216","DCompR12.qSigma.3","qSigma","99","99","3",-0.156089457867502,NA
"3217","L1CompL2.qSigma.3","qSigma","99","99","3",-0.58258243981125,NA
"3218","L1CompL22.qSigma.3","qSigma","99","99","3",-0.613546629327483,NA
"3219","L1CompL3.qSigma.3","qSigma","99","99","3",-0.110820565355688,NA
"3220","L1CompL32.qSigma.3","qSigma","99","99","3",-0.119400199768962,NA
"3221","L1CompR1.qSigma.3","qSigma","99","99","3",-0.697222344349137,NA
"3222","L1CompR12.qSigma.3","qSigma","99","99","3",-0.788353192217256,NA
"3223","L12CompL2.qSigma.3","qSigma","99","99","3",-0.197497291476968,NA
"3224","L12CompL22.qSigma.3","qSigma","99","99","3",-0.220927055478957,NA
"3225","L12CompL3.qSigma.3","qSigma","99","99","3",0.159472148263568,NA
"3226","L12CompL32.qSigma.3","qSigma","99","99","3",0.152980171154948,NA
"3227","L12CompR1.qSigma.3","qSigma","99","99","3",-0.284242203922522,NA
"3228","L12CompR12.qSigma.3","qSigma","99","99","3",-0.353198449579517,NA
"3229","L2CompL3.qSigma.3","qSigma","99","99","3",0.298096239783772,NA
"3230","L2CompL32.qSigma.3","qSigma","99","99","3",0.292674952274543,NA
"3231","L2CompR1.qSigma.3","qSigma","99","99","3",-0.0724385040892786,NA
"3232","L2CompR12.qSigma.3","qSigma","99","99","3",-0.130022138012948,NA
"3233","L22CompL3.qSigma.3","qSigma","99","99","3",0.31156587286314,NA
"3234","L22CompL32.qSigma.3","qSigma","99","99","3",0.30624862063297,NA
"3235","L22CompR1.qSigma.3","qSigma","99","99","3",-0.0518582565268225,NA
"3236","L22CompR12.qSigma.3","qSigma","99","99","3",-0.108336852318071,NA
"3237","L3CompR1.qSigma.3","qSigma","99","99","3",-0.5278996421944,NA
"3238","L3CompR12.qSigma.3","qSigma","99","99","3",-0.609938857806994,NA
"3239","L32CompR1.qSigma.3","qSigma","99","99","3",-0.51618906687656,NA
"3240","L32CompR12.qSigma.3","qSigma","99","99","3",-0.597599493538022,NA
"3241","DCompL1.qConnect.3","qConnect","99","99","3",-0.840660959044707,NA
"3242","DCompL12.qConnect.3","qConnect","99","99","3",0.138102628640956,NA
"3243","DCompL2.qConnect.3","qConnect","99","99","3",0.66165495339107,NA
"3244","DCompL22.qConnect.3","qConnect","99","99","3",0.282811032530876,NA
"3245","DCompL3.qConnect.3","qConnect","99","99","3",0.0496222566585324,NA
"3246","DCompL32.qConnect.3","qConnect","99","99","3",0.174097373144347,NA
"3247","DCompR1.qConnect.3","qConnect","99","99","3",0.188564982487178,NA
"3248","DCompR12.qConnect.3","qConnect","99","99","3",0.373761922491821,NA
"3249","L1CompL2.qConnect.3","qConnect","99","99","3",0.816182852715837,NA
"3250","L1CompL22.qConnect.3","qConnect","99","99","3",0.610363351303251,NA
"3251","L1CompL3.qConnect.3","qConnect","99","99","3",0.483675829233262,NA
"3252","L1CompL32.qConnect.3","qConnect","99","99","3",0.551301056939736,NA
"3253","L1CompR1.qConnect.3","qConnect","99","99","3",0.55916106465693,NA
"3254","L1CompR12.qConnect.3","qConnect","99","99","3",0.659775433150278,NA
"3255","L12CompL2.qConnect.3","qConnect","99","99","3",0.60744160749043,NA
"3256","L12CompL22.qConnect.3","qConnect","99","99","3",0.167895167915112,NA
"3257","L12CompL3.qConnect.3","qConnect","99","99","3",-0.102657665428202,NA
"3258","L12CompL32.qConnect.3","qConnect","99","99","3",0.0417622163606729,NA
"3259","L12CompR1.qConnect.3","qConnect","99","99","3",0.0585479843924487,NA
"3260","L12CompR12.qConnect.3","qConnect","99","99","3",0.273419204747401,NA
"3261","L2CompL3.qConnect.3","qConnect","99","99","3",-1.80890101057086,NA
"3262","L2CompL32.qConnect.3","qConnect","99","99","3",-1.44100699901854,NA
"3263","L2CompR1.qConnect.3","qConnect","99","99","3",-1.39824707246477,NA
"3264","L2CompR12.qConnect.3","qConnect","99","99","3",-0.850885904152174,NA
"3265","L22CompL3.qConnect.3","qConnect","99","99","3",-0.325142725905614,NA
"3266","L22CompL32.qConnect.3","qConnect","99","99","3",-0.151583005759509,NA
"3267","L22CompR1.qConnect.3","qConnect","99","99","3",-0.131410345555484,NA
"3268","L22CompR12.qConnect.3","qConnect","99","99","3",0.126815796235545,NA
"3269","L3CompR1.qConnect.3","qConnect","99","99","3",0.146197369206197,NA
"3270","L3CompR12.qConnect.3","qConnect","99","99","3",0.341064032806192,NA
"3271","L32CompR1.qConnect.3","qConnect","99","99","3",0.0175173305815854,NA
"3272","L32CompR12.qConnect.3","qConnect","99","99","3",0.241753135121545,NA
"3273","DCompL1.qTau1.3","qTau1","99","99","3",-2.57704231654408,NA
"3274","DCompL12.qTau1.3","qTau1","99","99","3",-0.516910100553322,NA
"3275","DCompL2.qTau1.3","qTau1","99","99","3",-1.04742340074659,NA
"3276","DCompL22.qTau1.3","qTau1","99","99","3",-1.15211069920304,NA
"3277","DCompL3.qTau1.3","qTau1","99","99","3",-0.774613563256005,NA
"3278","DCompL32.qTau1.3","qTau1","99","99","3",-1.00316377183859,NA
"3279","DCompR1.qTau1.3","qTau1","99","99","3",-0.765290361711013,NA
"3280","DCompR12.qTau1.3","qTau1","99","99","3",-0.728273166123705,NA
"3281","L1CompL2.qTau1.3","qTau1","99","99","3",0.427621140718098,NA
"3282","L1CompL22.qTau1.3","qTau1","99","99","3",0.398354699565793,NA
"3283","L1CompL3.qTau1.3","qTau1","99","99","3",0.503888015233063,NA
"3284","L1CompL32.qTau1.3","qTau1","99","99","3",0.439994387940615,NA
"3285","L1CompR1.qTau1.3","qTau1","99","99","3",0.506494414800066,NA
"3286","L1CompR12.qTau1.3","qTau1","99","99","3",0.516842963212843,NA
"3287","L12CompL2.qTau1.3","qTau1","99","99","3",-0.349732854965997,NA
"3288","L12CompL22.qTau1.3","qTau1","99","99","3",-0.418746370281279,NA
"3289","L12CompL3.qTau1.3","qTau1","99","99","3",-0.169887103137279,NA
"3290","L12CompL32.qTau1.3","qTau1","99","99","3",-0.320555365217686,NA
"3291","L12CompR1.qTau1.3","qTau1","99","99","3",-0.163740923781238,NA
"3292","L12CompR12.qTau1.3","qTau1","99","99","3",-0.139337898464309,NA
"3293","L2CompL3.qTau1.3","qTau1","99","99","3",0.133245442731146,NA
"3294","L2CompL32.qTau1.3","qTau1","99","99","3",0.0216172330998386,NA
"3295","L2CompR1.qTau1.3","qTau1","99","99","3",0.137799069275412,NA
"3296","L2CompR12.qTau1.3","qTau1","99","99","3",0.155878962068378,NA
"3297","L22CompL3.qTau1.3","qTau1","99","99","3",0.175407861727013,NA
"3298","L22CompL32.qTau1.3","qTau1","99","99","3",0.0692096960530904,NA
"3299","L22CompR1.qTau1.3","qTau1","99","99","3",0.179739981607484,NA
"3300","L22CompR12.qTau1.3","qTau1","99","99","3",0.196940395880326,NA
"3301","L3CompR1.qTau1.3","qTau1","99","99","3",0.00525365168960274,NA
"3302","L3CompR12.qTau1.3","qTau1","99","99","3",0.0261129510625829,NA
"3303","L32CompR1.qTau1.3","qTau1","99","99","3",0.118748857917516,NA
"3304","L32CompR12.qTau1.3","qTau1","99","99","3",0.137228223463016,NA
"3305","DCompL1.qTau2.3","qTau2","99","99","3",-3.59029117000882,NA
"3306","DCompL12.qTau2.3","qTau2","99","99","3",-7.63682740635085,NA
"3307","DCompL2.qTau2.3","qTau2","99","99","3",-4.21711280910749,NA
"3308","DCompL22.qTau2.3","qTau2","99","99","3",-3.23212062780885,NA
"3309","DCompL3.qTau2.3","qTau2","99","99","3",-7.66386243909513,NA
"3310","DCompL32.qTau2.3","qTau2","99","99","3",-13.1984783367434,NA
"3311","DCompR1.qTau2.3","qTau2","99","99","3",-0.920406304198966,NA
"3312","DCompR12.qTau2.3","qTau2","99","99","3",-0.379100930370601,NA
"3313","L1CompL2.qTau2.3","qTau2","99","99","3",-0.136553786216021,NA
"3314","L1CompL22.qTau2.3","qTau2","99","99","3",0.0780278481112738,NA
"3315","L1CompL3.qTau2.3","qTau2","99","99","3",-0.887431999020332,NA
"3316","L1CompL32.qTau2.3","qTau2","99","99","3",-2.09315418366284,NA
"3317","L1CompR1.qTau2.3","qTau2","99","99","3",0.581637366111728,NA
"3318","L1CompR12.qTau2.3","qTau2","99","99","3",0.699561339511291,NA
"3319","L12CompL2.qTau2.3","qTau2","99","99","3",0.395945691207024,NA
"3320","L12CompL22.qTau2.3","qTau2","99","99","3",0.50999129325001,NA
"3321","L12CompL3.qTau2.3","qTau2","99","99","3",-0.00313020412152745,NA
"3322","L12CompL32.qTau2.3","qTau2","99","99","3",-0.643946054346639,NA
"3323","L12CompR1.qTau2.3","qTau2","99","99","3",0.777649104949481,NA
"3324","L12CompR12.qTau2.3","qTau2","99","99","3",0.840323203708283,NA
"3325","L2CompL3.qTau2.3","qTau2","99","99","3",-0.66066227741341,NA
"3326","L2CompL32.qTau2.3","qTau2","99","99","3",-1.72152028454458,NA
"3327","L2CompR1.qTau2.3","qTau2","99","99","3",0.631902476625286,NA
"3328","L2CompR12.qTau2.3","qTau2","99","99","3",0.735658211575738,NA
"3329","L22CompL3.qTau2.3","qTau2","99","99","3",-1.04716812232755,NA
"3330","L22CompL32.qTau2.3","qTau2","99","99","3",-2.35493233426443,NA
"3331","L22CompR1.qTau2.3","qTau2","99","99","3",0.54623072613286,NA
"3332","L22CompR12.qTau2.3","qTau2","99","99","3",0.674134777418993,NA
"3333","L3CompR1.qTau2.3","qTau2","99","99","3",0.778342936802268,NA
"3334","L3CompR12.qTau2.3","qTau2","99","99","3",0.840821465014553,NA
"3335","L32CompR1.qTau2.3","qTau2","99","99","3",0.864745625647133,NA
"3336","L32CompR12.qTau2.3","qTau2","99","99","3",0.90286980775949,NA
"3337","DCompL1.qNPQ.3","qNPQ","99","99","3",0.89305052184648,NA
"3338","DCompL12.qNPQ.3","qNPQ","99","99","3",0.690977472053342,NA
"3339","DCompL2.qNPQ.3","qNPQ","99","99","3",0.647478400935791,NA
"3340","DCompL22.qNPQ.3","qNPQ","99","99","3",0.708447717038971,NA
"3341","DCompL3.qNPQ.3","qNPQ","99","99","3",0.755021369430551,NA
"3342","DCompL32.qNPQ.3","qNPQ","99","99","3",0.499443790578287,NA
"3343","DCompR1.qNPQ.3","qNPQ","99","99","3",0.389452172572719,NA
"3344","DCompR12.qNPQ.3","qNPQ","99","99","3",0.515044776228615,NA
"3345","L1CompL2.qNPQ.3","qNPQ","99","99","3",-2.29615071667937,NA
"3346","L1CompL22.qNPQ.3","qNPQ","99","99","3",-1.72607485323605,NA
"3347","L1CompL3.qNPQ.3","qNPQ","99","99","3",-1.29060145780044,NA
"3348","L1CompL32.qNPQ.3","qNPQ","99","99","3",-3.68030529988368,NA
"3349","L1CompR1.qNPQ.3","qNPQ","99","99","3",-4.70874994407054,NA
"3350","L1CompR12.qNPQ.3","qNPQ","99","99","3",-3.53443281953428,NA
"3351","L12CompL2.qNPQ.3","qNPQ","99","99","3",-0.140763430441744,NA
"3352","L12CompL22.qNPQ.3","qNPQ","99","99","3",0.0565338880039335,NA
"3353","L12CompL3.qNPQ.3","qNPQ","99","99","3",0.207246694287168,NA
"3354","L12CompL32.qNPQ.3","qNPQ","99","99","3",-0.619804914378659,NA
"3355","L12CompR1.qNPQ.3","qNPQ","99","99","3",-0.975738893485044,NA
"3356","L12CompR12.qNPQ.3","qNPQ","99","99","3",-0.569319968332846,NA
"3357","L2CompL3.qNPQ.3","qNPQ","99","99","3",0.305067742743253,NA
"3358","L2CompL32.qNPQ.3","qNPQ","99","99","3",-0.419930610636259,NA
"3359","L2CompR1.qNPQ.3","qNPQ","99","99","3",-0.731944451199638,NA
"3360","L2CompR12.qNPQ.3","qNPQ","99","99","3",-0.375675207019171,NA
"3361","L22CompL3.qNPQ.3","qNPQ","99","99","3",0.15974374104903,NA
"3362","L22CompL32.qNPQ.3","qNPQ","99","99","3",-0.716866026010919,NA
"3363","L22CompR1.qNPQ.3","qNPQ","99","99","3",-1.09412809677395,NA
"3364","L22CompR12.qNPQ.3","qNPQ","99","99","3",-0.663355947160282,NA
"3365","L3CompR1.qNPQ.3","qNPQ","99","99","3",-1.49224932806617,NA
"3366","L3CompR12.qNPQ.3","qNPQ","99","99","3",-0.979581740024076,NA
"3367","L32CompR1.qNPQ.3","qNPQ","99","99","3",-0.219738794435574,NA
"3368","L32CompR12.qNPQ.3","qNPQ","99","99","3",0.031167300208605,NA
"3369","DCompL1.qqP.3","qqP","99","99","3",0.820654660548871,NA
"3370","DCompL12.qqP.3","qqP","99","99","3",0.620437931213656,NA
"3371","DCompL2.qqP.3","qqP","99","99","3",0.543089774513488,NA
"3372","DCompL22.qqP.3","qqP","99","99","3",0.547491248351165,NA
"3373","DCompL3.qqP.3","qqP","99","99","3",0.676196072057845,NA
"3374","DCompL32.qqP.3","qqP","99","99","3",0.484092596477029,NA
"3375","DCompR1.qqP.3","qqP","99","99","3",0.280482791873035,NA
"3376","DCompR12.qqP.3","qqP","99","99","3",0.312286130063196,NA
"3377","L1CompL2.qqP.3","qqP","99","99","3",-1.5476559741382,NA
"3378","L1CompL22.qqP.3","qqP","99","99","3",-1.52311408277293,NA
"3379","L1CompL3.qqP.3","qqP","99","99","3",-0.805477237006155,NA
"3380","L1CompL32.qqP.3","qqP","99","99","3",-1.87661449749329,NA
"3381","L1CompR1.qqP.3","qqP","99","99","3",-3.01190914873499,NA
"3382","L1CompR12.qqP.3","qqP","99","99","3",-2.83457898622565,NA
"3383","L12CompL2.qqP.3","qqP","99","99","3",-0.203782630196664,NA
"3384","L12CompL22.qqP.3","qqP","99","99","3",-0.192186440272442,NA
"3385","L12CompL3.qqP.3","qqP","99","99","3",0.146901246013535,NA
"3386","L12CompL32.qqP.3","qqP","99","99","3",-0.359217492866436,NA
"3387","L12CompR1.qqP.3","qqP","99","99","3",-0.895650981215363,NA
"3388","L12CompR12.qqP.3","qqP","99","99","3",-0.811861422654221,NA
"3389","L2CompL3.qqP.3","qqP","99","99","3",0.291318272430054,NA
"3390","L2CompL32.qqP.3","qqP","99","99","3",-0.129122034801564,NA
"3391","L2CompR1.qqP.3","qqP","99","99","3",-0.574745251894578,NA
"3392","L2CompR12.qqP.3","qqP","99","99","3",-0.505140028775971,NA
"3393","L22CompL3.qqP.3","qqP","99","99","3",0.284425048659745,NA
"3394","L22CompL32.qqP.3","qqP","99","99","3",-0.140104808234375,NA
"3395","L22CompR1.qqP.3","qqP","99","99","3",-0.590062524769332,NA
"3396","L22CompR12.qqP.3","qqP","99","99","3",-0.519780263764926,NA
"3397","L3CompR1.qqP.3","qqP","99","99","3",-1.2220768373616,NA
"3398","L3CompR12.qqP.3","qqP","99","99","3",-1.12385894855376,NA
"3399","L32CompR1.qqP.3","qqP","99","99","3",-0.394663467152449,NA
"3400","L32CompR12.qqP.3","qqP","99","99","3",-0.333018028507866,NA
"3401","DCompL1.qABQ.3","qABQ","99","99","3",0,NA
"3402","DCompL12.qABQ.3","qABQ","99","99","3",0,NA
"3403","DCompL2.qABQ.3","qABQ","99","99","3",1,NA
"3404","DCompL22.qABQ.3","qABQ","99","99","3",1,NA
"3405","DCompL3.qABQ.3","qABQ","99","99","3",0,NA
"3406","DCompL32.qABQ.3","qABQ","99","99","3",0,NA
"3407","DCompR1.qABQ.3","qABQ","99","99","3",1,NA
"3408","DCompR12.qABQ.3","qABQ","99","99","3",1,NA
"3409","L1CompL2.qABQ.3","qABQ","99","99","3",1.06524758643194,NA
"3410","L1CompL22.qABQ.3","qABQ","99","99","3",1.12186537284973,NA
"3411","L1CompL3.qABQ.3","qABQ","99","99","3",0.202634565865763,NA
"3412","L1CompL32.qABQ.3","qABQ","99","99","3",0.218322362521925,NA
"3413","L1CompR1.qABQ.3","qABQ","99","99","3",1.27486578511526,NA
"3414","L1CompR12.qABQ.3","qABQ","99","99","3",1.44149785142413,NA
"3415","L12CompL2.qABQ.3","qABQ","99","99","3",1.15836692507414,NA
"3416","L12CompL22.qABQ.3","qABQ","99","99","3",1.29578786628923,NA
"3417","L12CompL3.qABQ.3","qABQ","99","99","3",-0.935340736258044,NA
"3418","L12CompL32.qABQ.3","qABQ","99","99","3",-0.897263801102498,NA
"3419","L12CompR1.qABQ.3","qABQ","99","99","3",1.66714573790711,NA
"3420","L12CompR12.qABQ.3","qABQ","99","99","3",2.07158993888324,NA
"3421","L2CompL3.qABQ.3","qABQ","99","99","3",13.2206119450261,NA
"3422","L2CompL32.qABQ.3","qABQ","99","99","3",12.9801770490544,NA
"3423","L2CompR1.qABQ.3","qABQ","99","99","3",-3.21265827820298,NA
"3424","L2CompR12.qABQ.3","qABQ","99","99","3",-5.76650088635356,NA
"3425","L22CompL3.qABQ.3","qABQ","99","99","3",7.54300245827402,NA
"3426","L22CompL32.qABQ.3","qABQ","99","99","3",7.41427190677021,NA
"3427","L22CompR1.qABQ.3","qABQ","99","99","3",-1.25548717152165,NA
"3428","L22CompR12.qABQ.3","qABQ","99","99","3",-2.62283264802827,NA
"3429","L3CompR1.qABQ.3","qABQ","99","99","3",1.3447174574525,NA
"3430","L3CompR12.qABQ.3","qABQ","99","99","3",1.55369574918117,NA
"3431","L32CompR1.qABQ.3","qABQ","99","99","3",1.35163572799915,NA
"3432","L32CompR12.qABQ.3","qABQ","99","99","3",1.56480808744706,NA
"3433","DCompL1.qqm.3","qqm","99","99","3",0,NA
"3434","DCompL12.qqm.3","qqm","99","99","3",0,NA
"3435","DCompL2.qqm.3","qqm","99","99","3",0,NA
"3436","DCompL22.qqm.3","qqm","99","99","3",0,NA
"3437","DCompL3.qqm.3","qqm","99","99","3",0,NA
"3438","DCompL32.qqm.3","qqm","99","99","3",0,NA
"3439","DCompR1.qqm.3","qqm","99","99","3",0,NA
"3440","DCompR12.qqm.3","qqm","99","99","3",0,NA
"3441","L1CompL2.qqm.3","qqm","99","99","3",0.163037349930362,NA
"3442","L1CompL22.qqm.3","qqm","99","99","3",0.264592083091204,NA
"3443","L1CompL3.qqm.3","qqm","99","99","3",0.0346388572542374,NA
"3444","L1CompL32.qqm.3","qqm","99","99","3",0.0600808931544945,NA
"3445","L1CompR1.qqm.3","qqm","99","99","3",0.495213321583072,NA
"3446","L1CompR12.qqm.3","qqm","99","99","3",0.580006414004419,NA
"3447","L12CompL2.qqm.3","qqm","99","99","3",0.123724733998228,NA
"3448","L12CompL22.qqm.3","qqm","99","99","3",0.230049551248857,NA
"3449","L12CompL3.qqm.3","qqm","99","99","3",-0.0107047095553587,NA
"3450","L12CompL32.qqm.3","qqm","99","99","3",0.0159323533700532,NA
"3451","L12CompR1.qqm.3","qqm","99","99","3",0.471503201645688,NA
"3452","L12CompR12.qqm.3","qqm","99","99","3",0.560279074273274,NA
"3453","L2CompL3.qqm.3","qqm","99","99","3",-0.153410062761392,NA
"3454","L2CompL32.qqm.3","qqm","99","99","3",-0.123012008680794,NA
"3455","L2CompR1.qqm.3","qqm","99","99","3",0.39688267048126,NA
"3456","L2CompR12.qqm.3","qqm","99","99","3",0.498193155978184,NA
"3457","L22CompL3.qqm.3","qqm","99","99","3",-0.312687993356868,NA
"3458","L22CompL32.qqm.3","qqm","99","99","3",-0.278092178822807,NA
"3459","L22CompR1.qqm.3","qqm","99","99","3",0.313596349983909,NA
"3460","L22CompR12.qqm.3","qqm","99","99","3",0.428897110924538,NA
"3461","L3CompR1.qqm.3","qqm","99","99","3",0.477100686918917,NA
"3462","L3CompR12.qqm.3","qqm","99","99","3",0.564936304768805,NA
"3463","L32CompR1.qqm.3","qqm","99","99","3",0.462946678346544,NA
"3464","L32CompR12.qqm.3","qqm","99","99","3",0.553159859250936,NA
"3465","DCompL1.qQuant.4","qQuant","99","99","4",0.897793070653902,NA
"3466","DCompL12.qQuant.4","qQuant","99","99","4",0.84729665207665,NA
"3467","DCompL2.qQuant.4","qQuant","99","99","4",0.738997032731785,NA
"3468","DCompL22.qQuant.4","qQuant","99","99","4",0.65119651327859,NA
"3469","DCompL3.qQuant.4","qQuant","99","99","4",0.863512499259636,NA
"3470","DCompL32.qQuant.4","qQuant","99","99","4",0.834365305188021,NA
"3471","DCompR1.qQuant.4","qQuant","99","99","4",0.43827365365158,NA
"3472","DCompR12.qQuant.4","qQuant","99","99","4",0.357788826698938,NA
"3473","L1CompL2.qQuant.4","qQuant","99","99","4",-1.55367193729493,NA
"3474","L1CompL22.qQuant.4","qQuant","99","99","4",-2.41271857938592,NA
"3475","L1CompL3.qQuant.4","qQuant","99","99","4",-0.335403593607471,NA
"3476","L1CompL32.qQuant.4","qQuant","99","99","4",-0.620581851658025,NA
"3477","L1CompR1.qQuant.4","qQuant","99","99","4",-4.49597126087487,NA
"3478","L1CompR12.qQuant.4","qQuant","99","99","4",-5.28344063763406,NA
"3479","L12CompL2.qQuant.4","qQuant","99","99","4",-0.709215749475422,NA
"3480","L12CompL22.qQuant.4","qQuant","99","99","4",-1.28419017307004,NA
"3481","L12CompL3.qQuant.4","qQuant","99","99","4",0.106191824891266,NA
"3482","L12CompL32.qQuant.4","qQuant","99","99","4",-0.0846827988022937,NA
"3483","L12CompR1.qQuant.4","qQuant","99","99","4",-2.67854637103557,NA
"3484","L12CompR12.qQuant.4","qQuant","99","99","4",-3.20561292227478,NA
"3485","L2CompL3.qQuant.4","qQuant","99","99","4",0.477065329299093,NA
"3486","L2CompL32.qQuant.4","qQuant","99","99","4",0.365391525829788,NA
"3487","L2CompR1.qQuant.4","qQuant","99","99","4",-1.15218375571636,NA
"3488","L2CompR12.qQuant.4","qQuant","99","99","4",-1.46055123442756,NA
"3489","L22CompL3.qQuant.4","qQuant","99","99","4",0.608698003499672,NA
"3490","L22CompL32.qQuant.4","qQuant","99","99","4",0.525134635640061,NA
"3491","L22CompR1.qQuant.4","qQuant","99","99","4",-0.610437876147354,NA
"3492","L22CompR12.qQuant.4","qQuant","99","99","4",-0.841183353232925,NA
"3493","L3CompR1.qQuant.4","qQuant","99","99","4",-3.11558819160281,NA
"3494","L3CompR12.qQuant.4","qQuant","99","99","4",-3.70527462088066,NA
"3495","L32CompR1.qQuant.4","qQuant","99","99","4",-2.39135678660841,NA
"3496","L32CompR12.qQuant.4","qQuant","99","99","4",-2.87727446855304,NA
"3497","DCompL1.qSigma.4","qSigma","99","99","4",0.375317747892572,NA
"3498","DCompL12.qSigma.4","qSigma","99","99","4",0.0558844777852628,NA
"3499","DCompL2.qSigma.4","qSigma","99","99","4",-0.189473965233692,NA
"3500","DCompL22.qSigma.4","qSigma","99","99","4",-0.0522113590364396,NA
"3501","DCompL3.qSigma.4","qSigma","99","99","4",0.201776454140938,NA
"3502","DCompL32.qSigma.4","qSigma","99","99","4",0.232318629282806,NA
"3503","DCompR1.qSigma.4","qSigma","99","99","4",-0.146045998413508,NA
"3504","DCompR12.qSigma.4","qSigma","99","99","4",-0.248006472319796,NA
"3505","L1CompL2.qSigma.4","qSigma","99","99","4",-0.904126395813045,NA
"3506","L1CompL22.qSigma.4","qSigma","99","99","4",-0.684394514950121,NA
"3507","L1CompL3.qSigma.4","qSigma","99","99","4",-0.277807306300404,NA
"3508","L1CompL32.qSigma.4","qSigma","99","99","4",-0.228914969374182,NA
"3509","L1CompR1.qSigma.4","qSigma","99","99","4",-0.834606305121056,NA
"3510","L1CompR12.qSigma.4","qSigma","99","99","4",-0.997826043735871,NA
"3511","L12CompL2.qSigma.4","qSigma","99","99","4",-0.259881801798349,NA
"3512","L12CompL22.qSigma.4","qSigma","99","99","4",-0.114494290453066,NA
"3513","L12CompL3.qSigma.4","qSigma","99","99","4",0.154527674763187,NA
"3514","L12CompL32.qSigma.4","qSigma","99","99","4",0.186877715010614,NA
"3515","L12CompR1.qSigma.4","qSigma","99","99","4",-0.213883228744164,NA
"3516","L12CompR12.qSigma.4","qSigma","99","99","4",-0.32187898933404,NA
"3517","L2CompL3.qSigma.4","qSigma","99","99","4",0.3289272660102,NA
"3518","L2CompL32.qSigma.4","qSigma","99","99","4",0.354604309841813,NA
"3519","L2CompR1.qSigma.4","qSigma","99","99","4",0.0365102289663416,NA
"3520","L2CompR12.qSigma.4","qSigma","99","99","4",-0.0492087332694199,NA
"3521","L22CompL3.qSigma.4","qSigma","99","99","4",0.241384785476909,NA
"3522","L22CompL32.qSigma.4","qSigma","99","99","4",0.270411439560777,NA
"3523","L22CompR1.qSigma.4","qSigma","99","99","4",-0.0891785082637741,NA
"3524","L22CompR12.qSigma.4","qSigma","99","99","4",-0.186079642271355,NA
"3525","L3CompR1.qSigma.4","qSigma","99","99","4",-0.435745668439426,NA
"3526","L3CompR12.qSigma.4","qSigma","99","99","4",-0.563479903335437,NA
"3527","L32CompR1.qSigma.4","qSigma","99","99","4",-0.492866757132366,NA
"3528","L32CompR12.qSigma.4","qSigma","99","99","4",-0.625682893872839,NA
"3529","DCompL1.qConnect.4","qConnect","99","99","4",-0.390507622026756,NA
"3530","DCompL12.qConnect.4","qConnect","99","99","4",0.364421766165097,NA
"3531","DCompL2.qConnect.4","qConnect","99","99","4",0.361951943320162,NA
"3532","DCompL22.qConnect.4","qConnect","99","99","4",0.303435966905833,NA
"3533","DCompL3.qConnect.4","qConnect","99","99","4",0.16388298969173,NA
"3534","DCompL32.qConnect.4","qConnect","99","99","4",-0.0861819326244579,NA
"3535","DCompR1.qConnect.4","qConnect","99","99","4",0.273332226508784,NA
"3536","DCompR12.qConnect.4","qConnect","99","99","4",0.315038871682008,NA
"3537","L1CompL2.qConnect.4","qConnect","99","99","4",0.541140194722672,NA
"3538","L1CompL22.qConnect.4","qConnect","99","99","4",0.499057738296408,NA
"3539","L1CompL3.qConnect.4","qConnect","99","99","4",0.398696564431934,NA
"3540","L1CompL32.qConnect.4","qConnect","99","99","4",0.218859418374653,NA
"3541","L1CompR1.qConnect.4","qConnect","99","99","4",0.477408277394373,NA
"3542","L1CompR12.qConnect.4","qConnect","99","99","4",0.507402104477776,NA
"3543","L12CompL2.qConnect.4","qConnect","99","99","4",-0.00388594623518175,NA
"3544","L12CompL22.qConnect.4","qConnect","99","99","4",-0.0959532532939208,NA
"3545","L12CompL3.qConnect.4","qConnect","99","99","4",-0.31552178126581,NA
"3546","L12CompL32.qConnect.4","qConnect","99","99","4",-0.70896653598525,NA
"3547","L12CompR1.qConnect.4","qConnect","99","99","4",-0.143317588311204,NA
"3548","L12CompR12.qConnect.4","qConnect","99","99","4",-0.0776975859999574,NA
"3549","L2CompL3.qConnect.4","qConnect","99","99","4",-0.310429522596007,NA
"3550","L2CompL32.qConnect.4","qConnect","99","99","4",-0.702351290397374,NA
"3551","L2CompR1.qConnect.4","qConnect","99","99","4",-0.138891915559656,NA
"3552","L2CompR12.qConnect.4","qConnect","99","99","4",-0.0735259219850496,NA
"3553","L22CompL3.qConnect.4","qConnect","99","99","4",-0.20034479327651,NA
"3554","L22CompL32.qConnect.4","qConnect","99","99","4",-0.55934254572346,NA
"3555","L22CompR1.qConnect.4","qConnect","99","99","4",-0.0432174774562037,NA
"3556","L22CompR12.qConnect.4","qConnect","99","99","4",0.0166573412133186,NA
"3557","L3CompR1.qConnect.4","qConnect","99","99","4",0.130901818127944,NA
"3558","L3CompR12.qConnect.4","qConnect","99","99","4",0.18078316805748,NA
"3559","L32CompR1.qConnect.4","qConnect","99","99","4",0.33098889636709,NA
"3560","L32CompR12.qConnect.4","qConnect","99","99","4",0.369386372812359,NA
"3561","DCompL1.qTau1.4","qTau1","99","99","4",-2.85668352424669,NA
"3562","DCompL12.qTau1.4","qTau1","99","99","4",-0.602588379593917,NA
"3563","DCompL2.qTau1.4","qTau1","99","99","4",-0.703159223205048,NA
"3564","DCompL22.qTau1.4","qTau1","99","99","4",-0.871462837612747,NA
"3565","DCompL3.qTau1.4","qTau1","99","99","4",-0.597224312639458,NA
"3566","DCompL32.qTau1.4","qTau1","99","99","4",-1.17539037226556,NA
"3567","DCompR1.qTau1.4","qTau1","99","99","4",-0.727415789799834,NA
"3568","DCompR12.qTau1.4","qTau1","99","99","4",-0.777048828093394,NA
"3569","L1CompL2.qTau1.4","qTau1","99","99","4",0.55838761140306,NA
"3570","L1CompL22.qTau1.4","qTau1","99","99","4",0.514748144138093,NA
"3571","L1CompL3.qTau1.4","qTau1","99","99","4",0.585855488894066,NA
"3572","L1CompL32.qTau1.4","qTau1","99","99","4",0.435942731990054,NA
"3573","L1CompR1.qTau1.4","qTau1","99","99","4",0.552098122923571,NA
"3574","L1CompR12.qTau1.4","qTau1","99","99","4",0.539228765616568,NA
"3575","L12CompL2.qTau1.4","qTau1","99","99","4",-0.0627552557423478,NA
"3576","L12CompL22.qTau1.4","qTau1","99","99","4",-0.167775120200835,NA
"3577","L12CompL3.qTau1.4","qTau1","99","99","4",0.00334712707440062,NA
"3578","L12CompL32.qTau1.4","qTau1","99","99","4",-0.35742302887332,NA
"3579","L12CompR1.qTau1.4","qTau1","99","99","4",-0.0778911240062451,NA
"3580","L12CompR12.qTau1.4","qTau1","99","99","4",-0.108861670732745,NA
"3581","L2CompL3.qTau1.4","qTau1","99","99","4",0.0621990646102005,NA
"3582","L2CompL32.qTau1.4","qTau1","99","99","4",-0.277267763710228,NA
"3583","L2CompR1.qTau1.4","qTau1","99","99","4",-0.0142421015394789,NA
"3584","L2CompR12.qTau1.4","qTau1","99","99","4",-0.0433838503656157,NA
"3585","L22CompL3.qTau1.4","qTau1","99","99","4",0.146536986715221,NA
"3586","L22CompL32.qTau1.4","qTau1","99","99","4",-0.162401052558706,NA
"3587","L22CompR1.qTau1.4","qTau1","99","99","4",0.076970295598635,NA
"3588","L22CompR12.qTau1.4","qTau1","99","99","4",0.0504493103586224,NA
"3589","L3CompR1.qTau1.4","qTau1","99","99","4",-0.0815110790200975,NA
"3590","L3CompR12.qTau1.4","qTau1","99","99","4",-0.112585636238388,NA
"3591","L32CompR1.qTau1.4","qTau1","99","99","4",0.205928364939477,NA
"3592","L32CompR12.qTau1.4","qTau1","99","99","4",0.183112672213086,NA
"3593","DCompL1.qTau2.4","qTau2","99","99","4",-5.88339533199708,NA
"3594","DCompL12.qTau2.4","qTau2","99","99","4",-7.75931148676227,NA
"3595","DCompL2.qTau2.4","qTau2","99","99","4",-3.82295930119536,NA
"3596","DCompL22.qTau2.4","qTau2","99","99","4",-2.54892483127586,NA
"3597","DCompL3.qTau2.4","qTau2","99","99","4",-6.89494696245709,NA
"3598","DCompL32.qTau2.4","qTau2","99","99","4",-10.3168492236406,NA
"3599","DCompR1.qTau2.4","qTau2","99","99","4",-0.682070404798147,NA
"3600","DCompR12.qTau2.4","qTau2","99","99","4",-0.344886332911115,NA
"3601","L1CompL2.qTau2.4","qTau2","99","99","4",0.299334257502819,NA
"3602","L1CompL22.qTau2.4","qTau2","99","99","4",0.484422343900709,NA
"3603","L1CompL3.qTau2.4","qTau2","99","99","4",-0.146955329698682,NA
"3604","L1CompL32.qTau2.4","qTau2","99","99","4",-0.644079509865548,NA
"3605","L1CompR1.qTau2.4","qTau2","99","99","4",0.755633619214178,NA
"3606","L1CompR12.qTau2.4","qTau2","99","99","4",0.80461875745252,NA
"3607","L12CompL2.qTau2.4","qTau2","99","99","4",0.449390593257908,NA
"3608","L12CompL22.qTau2.4","qTau2","99","99","4",0.594839750060349,NA
"3609","L12CompL3.qTau2.4","qTau2","99","99","4",0.0986795053026112,NA
"3610","L12CompL32.qTau2.4","qTau2","99","99","4",-0.291979311472533,NA
"3611","L12CompR1.qTau2.4","qTau2","99","99","4",0.807967737265627,NA
"3612","L12CompR12.qTau2.4","qTau2","99","99","4",0.846462095229333,NA
"3613","L2CompL3.qTau2.4","qTau2","99","99","4",-0.636950774289208,NA
"3614","L2CompL32.qTau2.4","qTau2","99","99","4",-1.34645339446172,NA
"3615","L2CompR1.qTau2.4","qTau2","99","99","4",0.651236865220644,NA
"3616","L2CompR12.qTau2.4","qTau2","99","99","4",0.721149143311704,NA
"3617","L22CompL3.qTau2.4","qTau2","99","99","4",-1.22460247477792,NA
"3618","L22CompL32.qTau2.4","qTau2","99","99","4",-2.18881062904116,NA
"3619","L22CompR1.qTau2.4","qTau2","99","99","4",0.526033803259385,NA
"3620","L22CompR12.qTau2.4","qTau2","99","99","4",0.621044007171146,NA
"3621","L3CompR1.qTau2.4","qTau2","99","99","4",0.78694341927857,NA
"3622","L3CompR12.qTau2.4","qTau2","99","99","4",0.82965226501122,NA
"3623","L32CompR1.qTau2.4","qTau2","99","99","4",0.851365837649904,NA
"3624","L32CompR12.qTau2.4","qTau2","99","99","4",0.881160709457745,NA
"3625","DCompL1.qNPQ.4","qNPQ","99","99","4",0.861907995023641,NA
"3626","DCompL12.qNPQ.4","qNPQ","99","99","4",0.678821198168608,NA
"3627","DCompL2.qNPQ.4","qNPQ","99","99","4",0.635584507312051,NA
"3628","DCompL22.qNPQ.4","qNPQ","99","99","4",0.68858483988205,NA
"3629","DCompL3.qNPQ.4","qNPQ","99","99","4",0.734263651169223,NA
"3630","DCompL32.qNPQ.4","qNPQ","99","99","4",0.483070682724057,NA
"3631","DCompR1.qNPQ.4","qNPQ","99","99","4",0.374788127077516,NA
"3632","DCompR12.qNPQ.4","qNPQ","99","99","4",0.491337288430579,NA
"3633","L1CompL2.qNPQ.4","qNPQ","99","99","4",-1.63893259244325,NA
"3634","L1CompL22.qNPQ.4","qNPQ","99","99","4",-1.2551280950064,NA
"3635","L1CompL3.qNPQ.4","qNPQ","99","99","4",-0.924342751604416,NA
"3636","L1CompL32.qNPQ.4","qNPQ","99","99","4",-2.74336890368447,NA
"3637","L1CompR1.qNPQ.4","qNPQ","99","99","4",-3.52750232013446,NA
"3638","L1CompR12.qNPQ.4","qNPQ","99","99","4",-2.68350587462687,NA
"3639","L12CompL2.qNPQ.4","qNPQ","99","99","4",-0.134618756312735,NA
"3640","L12CompL22.qNPQ.4","qNPQ","99","99","4",0.0303993964040261,NA
"3641","L12CompL3.qNPQ.4","qNPQ","99","99","4",0.172621769196713,NA
"3642","L12CompL32.qNPQ.4","qNPQ","99","99","4",-0.609475202997092,NA
"3643","L12CompR1.qNPQ.4","qNPQ","99","99","4",-0.946616244152684,NA
"3644","L12CompR12.qNPQ.4","qNPQ","99","99","4",-0.583736873881393,NA
"3645","L2CompL3.qNPQ.4","qNPQ","99","99","4",0.270787455081311,NA
"3646","L2CompL32.qNPQ.4","qNPQ","99","99","4",-0.418516302539839,NA
"3647","L2CompR1.qNPQ.4","qNPQ","99","99","4",-0.715656676149762,NA
"3648","L2CompR12.qNPQ.4","qNPQ","99","99","4",-0.395831740899642,NA
"3649","L22CompL3.qNPQ.4","qNPQ","99","99","4",0.146681398779275,NA
"3650","L22CompL32.qNPQ.4","qNPQ","99","99","4",-0.659936263475914,NA
"3651","L22CompR1.qNPQ.4","qNPQ","99","99","4",-1.00764751685718,NA
"3652","L22CompR12.qNPQ.4","qNPQ","99","99","4",-0.633390973569696,NA
"3653","L3CompR1.qNPQ.4","qNPQ","99","99","4",-1.3527525521946,NA
"3654","L3CompR12.qNPQ.4","qNPQ","99","99","4",-0.91416309363587,NA
"3655","L32CompR1.qNPQ.4","qNPQ","99","99","4",-0.209472653277157,NA
"3656","L32CompR12.qNPQ.4","qNPQ","99","99","4",0.0159917525089984,NA
"3657","DCompL1.qqP.4","qqP","99","99","4",0.786809703682934,NA
"3658","DCompL12.qqP.4","qqP","99","99","4",0.601516701342707,NA
"3659","DCompL2.qqP.4","qqP","99","99","4",0.524968027320181,NA
"3660","DCompL22.qqP.4","qqP","99","99","4",0.526171990821319,NA
"3661","DCompL3.qqP.4","qqP","99","99","4",0.652976291448058,NA
"3662","DCompL32.qqP.4","qqP","99","99","4",0.463618341721856,NA
"3663","DCompR1.qqP.4","qqP","99","99","4",0.264987771083693,NA
"3664","DCompR12.qqP.4","qqP","99","99","4",0.291016174256184,NA
"3665","L1CompL2.qqP.4","qqP","99","99","4",-1.22820635313218,NA
"3666","L1CompL22.qqP.4","qqP","99","99","4",-1.22255898774109,NA
"3667","L1CompL3.qqP.4","qqP","99","99","4",-0.627765027521858,NA
"3668","L1CompL32.qqP.4","qqP","99","99","4",-1.51597594986412,NA
"3669","L1CompR1.qqP.4","qqP","99","99","4",-2.4476814452341,NA
"3670","L1CompR12.qqP.4","qqP","99","99","4",-2.32559144572596,NA
"3671","L12CompL2.qqP.4","qqP","99","99","4",-0.19210008118398,NA
"3672","L12CompL22.qqP.4","qqP","99","99","4",-0.189078716160164,NA
"3673","L12CompL3.qqP.4","qqP","99","99","4",0.129138637124182,NA
"3674","L12CompL32.qqP.4","qqP","99","99","4",-0.346058065885084,NA
"3675","L12CompR1.qqP.4","qqP","99","99","4",-0.844524554461789,NA
"3676","L12CompR12.qqP.4","qqP","99","99","4",-0.77920587420544,NA
"3677","L2CompL3.qqP.4","qqP","99","99","4",0.269472943906783,NA
"3678","L2CompL32.qqP.4","qqP","99","99","4",-0.129148539733505,NA
"3679","L2CompR1.qqP.4","qqP","99","99","4",-0.547290016648458,NA
"3680","L2CompR12.qqP.4","qqP","99","99","4",-0.492497066553635,NA
"3681","L22CompL3.qqP.4","qqP","99","99","4",0.2676167262601,NA
"3682","L22CompL32.qqP.4","qqP","99","99","4",-0.132017626412358,NA
"3683","L22CompR1.qqP.4","qqP","99","99","4",-0.551221571283544,NA
"3684","L22CompR12.qqP.4","qqP","99","99","4",-0.496289396172985,NA
"3685","L3CompR1.qqP.4","qqP","99","99","4",-1.11804614728879,NA
"3686","L3CompR12.qqP.4","qqP","99","99","4",-1.043041464522,NA
"3687","L32CompR1.qqP.4","qqP","99","99","4",-0.370315739870363,NA
"3688","L32CompR12.qqP.4","qqP","99","99","4",-0.321789839010805,NA
"3689","DCompL1.qABQ.4","qABQ","99","99","4",0,NA
"3690","DCompL12.qABQ.4","qABQ","99","99","4",0,NA
"3691","DCompL2.qABQ.4","qABQ","99","99","4",1,NA
"3692","DCompL22.qABQ.4","qABQ","99","99","4",1,NA
"3693","DCompL3.qABQ.4","qABQ","99","99","4",0,NA
"3694","DCompL32.qABQ.4","qABQ","99","99","4",0,NA
"3695","DCompR1.qABQ.4","qABQ","99","99","4",1,NA
"3696","DCompR12.qABQ.4","qABQ","99","99","4",1,NA
"3697","L1CompL2.qABQ.4","qABQ","99","99","4",1.50483614563286,NA
"3698","L1CompL22.qABQ.4","qABQ","99","99","4",1.13911241695766,NA
"3699","L1CompL3.qABQ.4","qABQ","99","99","4",0.462384991719892,NA
"3700","L1CompL32.qABQ.4","qABQ","99","99","4",0.381008144199721,NA
"3701","L1CompR1.qABQ.4","qABQ","99","99","4",1.3891262782897,NA
"3702","L1CompR12.qABQ.4","qABQ","99","99","4",1.6607906865912,NA
"3703","L12CompL2.qABQ.4","qABQ","99","99","4",4.39045782912651,NA
"3704","L12CompL22.qABQ.4","qABQ","99","99","4",1.93427300577208,NA
"3705","L12CompL3.qABQ.4","qABQ","99","99","4",-2.61059926007119,NA
"3706","L12CompL32.qABQ.4","qABQ","99","99","4",-3.1571226660736,NA
"3707","L12CompR1.qABQ.4","qABQ","99","99","4",3.61335533946818,NA
"3708","L12CompR12.qABQ.4","qABQ","99","99","4",5.43784181490905,NA
"3709","L2CompL3.qABQ.4","qABQ","99","99","4",2.06492970626371,NA
"3710","L2CompL32.qABQ.4","qABQ","99","99","4",2.22612428043224,NA
"3711","L2CompR1.qABQ.4","qABQ","99","99","4",0.229202818269101,NA
"3712","L2CompR12.qABQ.4","qABQ","99","99","4",-0.30892110699173,NA
"3713","L22CompL3.qABQ.4","qABQ","99","99","4",4.86460835084003,NA
"3714","L22CompL32.qABQ.4","qABQ","99","99","4",5.44958019806874,NA
"3715","L22CompR1.qABQ.4","qABQ","99","99","4",-1.79720737228035,NA
"3716","L22CompR12.qABQ.4","qABQ","99","99","4",-3.75004820592204,NA
"3717","L3CompR1.qABQ.4","qABQ","99","99","4",1.72380099568753,NA
"3718","L3CompR12.qABQ.4","qABQ","99","99","4",2.22911502918259,NA
"3719","L32CompR1.qABQ.4","qABQ","99","99","4",1.62864523118258,NA
"3720","L32CompR12.qABQ.4","qABQ","99","99","4",2.06752727099597,NA
"3721","DCompL1.qqm.4","qqm","99","99","4",0,NA
"3722","DCompL12.qqm.4","qqm","99","99","4",0,NA
"3723","DCompL2.qqm.4","qqm","99","99","4",0,NA
"3724","DCompL22.qqm.4","qqm","99","99","4",0,NA
"3725","DCompL3.qqm.4","qqm","99","99","4",0,NA
"3726","DCompL32.qqm.4","qqm","99","99","4",0,NA
"3727","DCompR1.qqm.4","qqm","99","99","4",0,NA
"3728","DCompR12.qqm.4","qqm","99","99","4",0,NA
"3729","L1CompL2.qqm.4","qqm","99","99","4",0.176873762020082,NA
"3730","L1CompL22.qqm.4","qqm","99","99","4",0.274669704451724,NA
"3731","L1CompL3.qqm.4","qqm","99","99","4",0.0381831543534836,NA
"3732","L1CompL32.qqm.4","qqm","99","99","4",0.0706485353241642,NA
"3733","L1CompR1.qqm.4","qqm","99","99","4",0.511832216156041,NA
"3734","L1CompR12.qqm.4","qqm","99","99","4",0.601479630001663,NA
"3735","L12CompL2.qqm.4","qqm","99","99","4",0.127817829893972,NA
"3736","L12CompL22.qqm.4","qqm","99","99","4",0.2314421263408,NA
"3737","L12CompL3.qqm.4","qqm","99","99","4",-0.0191383350131769,NA
"3738","L12CompL32.qqm.4","qqm","99","99","4",0.0152618883326594,NA
"3739","L12CompR1.qqm.4","qqm","99","99","4",0.482738834648517,NA
"3740","L12CompR12.qqm.4","qqm","99","99","4",0.577728973881784,NA
"3741","L2CompL3.qqm.4","qqm","99","99","4",-0.16849251216553,NA
"3742","L2CompL32.qqm.4","qqm","99","99","4",-0.129050954512896,NA
"3743","L2CompR1.qqm.4","qqm","99","99","4",0.406934487907955,NA
"3744","L2CompR12.qqm.4","qqm","99","99","4",0.51584538116976,NA
"3745","L22CompL3.qqm.4","qqm","99","99","4",-0.326039807725776,NA
"3746","L22CompL32.qqm.4","qqm","99","99","4",-0.281280363414768,NA
"3747","L22CompR1.qqm.4","qqm","99","99","4",0.326971743990159,NA
"3748","L22CompR12.qqm.4","qqm","99","99","4",0.450567041740486,NA
"3749","L3CompR1.qqm.4","qqm","99","99","4",0.492452449701252,NA
"3750","L3CompR12.qqm.4","qqm","99","99","4",0.58565877505456,NA
"3751","L32CompR1.qqm.4","qqm","99","99","4",0.474722102026024,NA
"3752","L32CompR12.qqm.4","qqm","99","99","4",0.571184438669451,NA
"3753","DCampL1.mQuant.1","mQuant","99","99","1",0.886396898177804,NA
"3754","DCampL2.mQuant.1","mQuant","99","99","1",0.712311721155222,NA
"3755","DCampL3.mQuant.1","mQuant","99","99","1",0.870288205968085,NA
"3756","DCampR1.mQuant.1","mQuant","99","99","1",0.429275282165705,NA
"3757","L1CampL2.mQuant.1","mQuant","99","99","1",-1.53239809679711,NA
"3758","L1CampL3.mQuant.1","mQuant","99","99","1",-0.141797996281219,NA
"3759","L1CampR1.mQuant.1","mQuant","99","99","1",-4.02384801717433,NA
"3760","L2CampL3.mQuant.1","mQuant","99","99","1",0.549123813619459,NA
"3761","L2CampR1.mQuant.1","mQuant","99","99","1",-0.983830276735845,NA
"3762","L3CampR1.mQuant.1","mQuant","99","99","1",-3.39994467807507,NA
"3763","DCampL1.mSigma.1","mSigma","99","99","1",0.272147245005511,NA
"3764","DCampL2.mSigma.1","mSigma","99","99","1",-0.0497538683437977,NA
"3765","DCampL3.mSigma.1","mSigma","99","99","1",0.250089495003168,NA
"3766","DCampR1.mSigma.1","mSigma","99","99","1",-0.137628496548137,NA
"3767","L1CampL2.mSigma.1","mSigma","99","99","1",-0.442261310602233,NA
"3768","L1CampL3.mSigma.1","mSigma","99","99","1",-0.0303052366718181,NA
"3769","L1CampR1.mSigma.1","mSigma","99","99","1",-0.562992636548791,NA
"3770","L2CampL3.mSigma.1","mSigma","99","99","1",0.285632063275966,NA
"3771","L2CampR1.mSigma.1","mSigma","99","99","1",-0.0837097445927777,NA
"3772","L3CampR1.mSigma.1","mSigma","99","99","1",-0.517019016226401,NA
"3773","DCampL1.mConnect.1","mConnect","99","99","1",-0.214516058960092,NA
"3774","DCampL2.mConnect.1","mConnect","99","99","1",0.24849361505833,NA
"3775","DCampL3.mConnect.1","mConnect","99","99","1",-0.0405276140187771,NA
"3776","DCampR1.mConnect.1","mConnect","99","99","1",0.202299584488808,NA
"3777","L1CampL2.mConnect.1","mConnect","99","99","1",0.381229766870984,NA
"3778","L1CampL3.mConnect.1","mConnect","99","99","1",0.143257426410886,NA
"3779","L1CampR1.mConnect.1","mConnect","99","99","1",0.343194839108008,NA
"3780","L2CampL3.mConnect.1","mConnect","99","99","1",-0.384589186290865,NA
"3781","L2CampR1.mConnect.1","mConnect","99","99","1",-0.0614685803010266,NA
"3782","L3CampR1.mConnect.1","mConnect","99","99","1",0.23336929768709,NA
"3783","DCampL1.mTau1.1","mTau1","99","99","1",-2.01718150202811,NA
"3784","DCampL2.mTau1.1","mTau1","99","99","1",-1.05623954365043,NA
"3785","DCampL3.mTau1.1","mTau1","99","99","1",-0.817577203093009,NA
"3786","DCampR1.mTau1.1","mTau1","99","99","1",-0.766641513317636,NA
"3787","L1CampL2.mTau1.1","mTau1","99","99","1",0.318489940937181,NA
"3788","L1CampL3.mTau1.1","mTau1","99","99","1",0.397591029286354,NA
"3789","L1CampR1.mTau1.1","mTau1","99","99","1",0.414472907204913,NA
"3790","L2CampL3.mTau1.1","mTau1","99","99","1",0.116067381981052,NA
"3791","L2CampR1.mTau1.1","mTau1","99","99","1",0.140838664068618,NA
"3792","L3CampR1.mTau1.1","mTau1","99","99","1",0.0280239484125872,NA
"3793","DCampL1.mTau2.1","mTau2","99","99","1",-11.4081609779903,NA
"3794","DCampL2.mTau2.1","mTau2","99","99","1",-3.82855818898828,NA
"3795","DCampL3.mTau2.1","mTau2","99","99","1",-9.64939979656272,NA
"3796","DCampR1.mTau2.1","mTau2","99","99","1",-0.859342337954819,NA
"3797","L1CampL2.mTau2.1","mTau2","99","99","1",0.610856258429172,NA
"3798","L1CampL3.mTau2.1","mTau2","99","99","1",0.141742292395083,NA
"3799","L1CampR1.mTau2.1","mTau2","99","99","1",0.850151658956316,NA
"3800","L2CampL3.mTau2.1","mTau2","99","99","1",-1.20550304661319,NA
"3801","L2CampR1.mTau2.1","mTau2","99","99","1",0.614928045768378,NA
"3802","L3CampR1.mTau2.1","mTau2","99","99","1",0.825404025252676,NA
"3803","DCampL1.mNPQ.1","mNPQ","99","99","1",0.811683995217726,NA
"3804","DCampL2.mNPQ.1","mNPQ","99","99","1",0.698140824267226,NA
"3805","DCampL3.mNPQ.1","mNPQ","99","99","1",0.626428051054851,NA
"3806","DCampR1.mNPQ.1","mNPQ","99","99","1",0.464561546806343,NA
"3807","L1CampL2.mNPQ.1","mNPQ","99","99","1",-0.60293957001571,NA
"3808","L1CampL3.mNPQ.1","mNPQ","99","99","1",-0.983750395390258,NA
"3809","L1CampR1.mNPQ.1","mNPQ","99","99","1",-1.84329764648904,NA
"3810","L2CampL3.mNPQ.1","mNPQ","99","99","1",-0.237570294288022,NA
"3811","L2CampR1.mNPQ.1","mNPQ","99","99","1",-0.773802144307393,NA
"3812","L3CampR1.mNPQ.1","mNPQ","99","99","1",-0.433294054078654,NA
"3813","DCampL1.mqP.1","mqP","99","99","1",0.750945199247751,NA
"3814","DCampL2.mqP.1","mqP","99","99","1",0.574172698357328,NA
"3815","DCampL3.mqP.1","mqP","99","99","1",0.6014911484027,NA
"3816","DCampR1.mqP.1","mqP","99","99","1",0.31548107854744,NA
"3817","L1CampL2.mqP.1","mqP","99","99","1",-0.709773513124412,NA
"3818","L1CampL3.mqP.1","mqP","99","99","1",-0.600085002953722,NA
"3819","L1CampR1.mqP.1","mqP","99","99","1",-1.74846708188331,NA
"3820","L2CampL3.mqP.1","mqP","99","99","1",0.0641538246608155,NA
"3821","L2CampR1.mqP.1","mqP","99","99","1",-0.607503602544879,NA
"3822","L3CampR1.mqP.1","mqP","99","99","1",-0.717700670157958,NA
"3823","DCampL1.mABQ.1","mABQ","99","99","1",0,NA
"3824","DCampL2.mABQ.1","mABQ","99","99","1",1,NA
"3825","DCampL3.mABQ.1","mABQ","99","99","1",0,NA
"3826","DCampR1.mABQ.1","mABQ","99","99","1",1,NA
"3827","L1CampL2.mABQ.1","mABQ","99","99","1",1.18281966566588,NA
"3828","L1CampL3.mABQ.1","mABQ","99","99","1",0.0810507929334219,NA
"3829","L1CampR1.mABQ.1","mABQ","99","99","1",1.50571335581718,NA
"3830","L2CampL3.mABQ.1","mABQ","99","99","1",6.02653368126195,NA
"3831","L2CampR1.mABQ.1","mABQ","99","99","1",-1.76618685399756,NA
"3832","L3CampR1.mABQ.1","mABQ","99","99","1",1.55031698371174,NA
"3833","DCampL1.mqm.1","mqm","99","99","1",0,NA
"3834","DCampL2.mqm.1","mqm","99","99","1",0,NA
"3835","DCampL3.mqm.1","mqm","99","99","1",0,NA
"3836","DCampR1.mqm.1","mqm","99","99","1",0,NA
"3837","L1CampL2.mqm.1","mqm","99","99","1",0.196396419460012,NA
"3838","L1CampL3.mqm.1","mqm","99","99","1",0.0181732271884457,NA
"3839","L1CampR1.mqm.1","mqm","99","99","1",0.515707598877904,NA
"3840","L2CampL3.mqm.1","mqm","99","99","1",-0.221779987779308,NA
"3841","L2CampR1.mqm.1","mqm","99","99","1",0.397349124805203,NA
"3842","L3CampR1.mqm.1","mqm","99","99","1",0.506743537115739,NA
"3843","DCampL1.mQuant.2","mQuant","99","99","2",0.890417068253006,NA
"3844","DCampL2.mQuant.2","mQuant","99","99","2",0.701974217627108,NA
"3845","DCampL3.mQuant.2","mQuant","99","99","2",0.859804968912565,NA
"3846","DCampR1.mQuant.2","mQuant","99","99","2",0.421588694115221,NA
"3847","L1CampL2.mQuant.2","mQuant","99","99","2",-1.719636877949,NA
"3848","L1CampL3.mQuant.2","mQuant","99","99","2",-0.279350979686496,NA
"3849","L1CampR1.mQuant.2","mQuant","99","99","2",-4.27829741971332,NA
"3850","L2CampL3.mQuant.2","mQuant","99","99","2",0.529587574701769,NA
"3851","L2CampR1.mQuant.2","mQuant","99","99","2",-0.940809621501358,NA
"3852","L3CampR1.mQuant.2","mQuant","99","99","2",-3.12576181479672,NA
"3853","DCampL1.mSigma.2","mSigma","99","99","2",0.330672636404435,NA
"3854","DCampL2.mSigma.2","mSigma","99","99","2",0.0111884312275344,NA
"3855","DCampL3.mSigma.2","mSigma","99","99","2",0.294112777492469,NA
"3856","DCampR1.mSigma.2","mSigma","99","99","2",-0.133425322157253,NA
"3857","L1CampL2.mSigma.2","mSigma","99","99","2",-0.4773212968026,NA
"3858","L1CampL3.mSigma.2","mSigma","99","99","2",-0.0546217903233029,NA
"3859","L1CampR1.mSigma.2","mSigma","99","99","2",-0.693379628271279,NA
"3860","L2CampL3.mSigma.2","mSigma","99","99","2",0.286125643347967,NA
"3861","L2CampR1.mSigma.2","mSigma","99","99","2",-0.146250062147143,NA
"3862","L3CampR1.mSigma.2","mSigma","99","99","2",-0.605674796224492,NA
"3863","DCampL1.mConnect.2","mConnect","99","99","2",-0.449004709794882,NA
"3864","DCampL2.mConnect.2","mConnect","99","99","2",0.287764044928003,NA
"3865","DCampL3.mConnect.2","mConnect","99","99","2",-0.286815894805659,NA
"3866","DCampR1.mConnect.2","mConnect","99","99","2",0.236418301727854,NA
"3867","L1CampL2.mConnect.2","mConnect","99","99","2",0.508465396794452,NA
"3868","L1CampL3.mConnect.2","mConnect","99","99","2",0.111931185518495,NA
"3869","L1CampR1.mConnect.2","mConnect","99","99","2",0.473030216457863,NA
"3870","L2CampL3.mConnect.2","mConnect","99","99","2",-0.806726950025402,NA
"3871","L2CampR1.mConnect.2","mConnect","99","99","2",-0.0720909171104098,NA
"3872","L3CampR1.mConnect.2","mConnect","99","99","2",0.406611542991963,NA
"3873","DCampL1.mTau1.2","mTau1","99","99","2",-1.69196390717184,NA
"3874","DCampL2.mTau1.2","mTau1","99","99","2",-1.12401385463384,NA
"3875","DCampL3.mTau1.2","mTau1","99","99","2",-0.717632856331063,NA
"3876","DCampR1.mTau1.2","mTau1","99","99","2",-0.975661683284512,NA
"3877","L1CampL2.mTau1.2","mTau1","99","99","2",0.210979817011991,NA
"3878","L1CampL3.mTau1.2","mTau1","99","99","2",0.361940607095435,NA
"3879","L1CampR1.mTau1.2","mTau1","99","99","2",0.266089089076929,NA
"3880","L2CampL3.mTau1.2","mTau1","99","99","2",0.191326905620789,NA
"3881","L2CampR1.mTau1.2","mTau1","99","99","2",0.0698451994678264,NA
"3882","L3CampR1.mTau1.2","mTau1","99","99","2",-0.150223504401639,NA
"3883","DCampL1.mTau2.2","mTau2","99","99","2",-9.6522335377068,NA
"3884","DCampL2.mTau2.2","mTau2","99","99","2",-4.89477240344537,NA
"3885","DCampL3.mTau2.2","mTau2","99","99","2",-11.0952590140524,NA
"3886","DCampR1.mTau2.2","mTau2","99","99","2",-1.08547742762278,NA
"3887","L1CampL2.mTau2.2","mTau2","99","99","2",0.446616300461397,NA
"3888","L1CampL3.mTau2.2","mTau2","99","99","2",-0.13546693951438,NA
"3889","L1CampR1.mTau2.2","mTau2","99","99","2",0.80422158223995,NA
"3890","L2CampL3.mTau2.2","mTau2","99","99","2",-1.05186191870325,NA
"3891","L2CampR1.mTau2.2","mTau2","99","99","2",0.646215784954842,NA
"3892","L3CampR1.mTau2.2","mTau2","99","99","2",0.827578936077363,NA
"3893","DCampL1.mNPQ.2","mNPQ","99","99","2",0.816383095123469,NA
"3894","DCampL2.mNPQ.2","mNPQ","99","99","2",0.714252953994662,NA
"3895","DCampL3.mNPQ.2","mNPQ","99","99","2",0.638697978486779,NA
"3896","DCampR1.mNPQ.2","mNPQ","99","99","2",0.487362808019501,NA
"3897","L1CampL2.mNPQ.2","mNPQ","99","99","2",-0.556213172188485,NA
"3898","L1CampL3.mNPQ.2","mNPQ","99","99","2",-0.967694759674605,NA
"3899","L1CampR1.mNPQ.2","mNPQ","99","99","2",-1.79188450717655,NA
"3900","L2CampL3.mNPQ.2","mNPQ","99","99","2",-0.264412096517252,NA
"3901","L2CampR1.mNPQ.2","mNPQ","99","99","2",-0.794024467258787,NA
"3902","L3CampR1.mNPQ.2","mNPQ","99","99","2",-0.41886056943011,NA
"3903","DCampL1.mqP.2","mqP","99","99","2",0.755340295594554,NA
"3904","DCampL2.mqP.2","mqP","99","99","2",0.58001874848487,NA
"3905","DCampL3.mqP.2","mqP","99","99","2",0.600586720323304,NA
"3906","DCampR1.mqP.2","mqP","99","99","2",0.323563750816843,NA
"3907","L1CampL2.mqP.2","mqP","99","99","2",-0.716593472291391,NA
"3908","L1CampL3.mqP.2","mqP","99","99","2",-0.632525800058984,NA
"3909","L1CampR1.mqP.2","mqP","99","99","2",-1.76480448967672,NA
"3910","L2CampL3.mqP.2","mqP","99","99","2",0.0489735476625049,NA
"3911","L2CampR1.mqP.2","mqP","99","99","2",-0.610634395566078,NA
"3912","L3CampR1.mqP.2","mqP","99","99","2",-0.693574759784394,NA
"3913","DCampL1.mABQ.2","mABQ","99","99","2",0,NA
"3914","DCampL2.mABQ.2","mABQ","99","99","2",0,NA
"3915","DCampL3.mABQ.2","mABQ","99","99","2",0,NA
"3916","DCampR1.mABQ.2","mABQ","99","99","2",1,NA
"3917","L1CampL2.mABQ.2","mABQ","99","99","2",0.966164629316799,NA
"3918","L1CampL3.mABQ.2","mABQ","99","99","2",0.110562093403008,NA
"3919","L1CampR1.mABQ.2","mABQ","99","99","2",1.40349671387403,NA
"3920","L2CampL3.mABQ.2","mABQ","99","99","2",-25.2872221771929,NA
"3921","L2CampR1.mABQ.2","mABQ","99","99","2",12.9252931392993,NA
"3922","L3CampR1.mABQ.2","mABQ","99","99","2",1.4536536062622,NA
"3923","DCampL1.mqm.2","mqm","99","99","2",0,NA
"3924","DCampL2.mqm.2","mqm","99","99","2",0,NA
"3925","DCampL3.mqm.2","mqm","99","99","2",0,NA
"3926","DCampR1.mqm.2","mqm","99","99","2",0,NA
"3927","L1CampL2.mqm.2","mqm","99","99","2",0.211634364776523,NA
"3928","L1CampL3.mqm.2","mqm","99","99","2",0.0343795064491541,NA
"3929","L1CampR1.mqm.2","mqm","99","99","2",0.526526715236518,NA
"3930","L2CampL3.mqm.2","mqm","99","99","2",-0.224838387681779,NA
"3931","L2CampR1.mqm.2","mqm","99","99","2",0.399424247317341,NA
"3932","L3CampR1.mqm.2","mqm","99","99","2",0.509669390898702,NA
"3933","DCampL1.mQuant.3","mQuant","99","99","3",0.878947136515722,NA
"3934","DCampL2.mQuant.3","mQuant","99","99","3",0.696169485842712,NA
"3935","DCampL3.mQuant.3","mQuant","99","99","3",0.855504293680931,NA
"3936","DCampR1.mQuant.3","mQuant","99","99","3",0.410643744260559,NA
"3937","L1CampL2.mQuant.3","mQuant","99","99","3",-1.50989943907232,NA
"3938","L1CampL3.mQuant.3","mQuant","99","99","3",-0.193657895897981,NA
"3939","L1CampR1.mQuant.3","mQuant","99","99","3",-3.86858582916531,NA
"3940","L2CampL3.mQuant.3","mQuant","99","99","3",0.524420031609248,NA
"3941","L2CampR1.mQuant.3","mQuant","99","99","3",-0.93975334364981,NA
"3942","L3CampR1.mQuant.3","mQuant","99","99","3",-3.0787112001657,NA
"3943","DCampL1.mSigma.3","mSigma","99","99","3",0.242046625096397,NA
"3944","DCampL2.mSigma.3","mSigma","99","99","3",-0.0172378947821997,NA
"3945","DCampL3.mSigma.3","mSigma","99","99","3",0.246767333627274,NA
"3946","DCampR1.mSigma.3","mSigma","99","99","3",-0.149797364102243,NA
"3947","L1CampL2.mSigma.3","mSigma","99","99","3",-0.342085052278543,NA
"3948","L1CampL3.mSigma.3","mSigma","99","99","3",0.00622823076878216,NA
"3949","L1CampR1.mSigma.3","mSigma","99","99","3",-0.516976376348316,NA
"3950","L2CampL3.mSigma.3","mSigma","99","99","3",0.259531452537953,NA
"3951","L2CampR1.mSigma.3","mSigma","99","99","3",-0.130313145037156,NA
"3952","L3CampR1.mSigma.3","mSigma","99","99","3",-0.526483668903021,NA
"3953","DCampL1.mConnect.3","mConnect","99","99","3",-0.226755261080572,NA
"3954","DCampL2.mConnect.3","mConnect","99","99","3",0.455453741461082,NA
"3955","DCampL3.mConnect.3","mConnect","99","99","3",-0.109587487937105,NA
"3956","DCampR1.mConnect.3","mConnect","99","99","3",0.311825442071751,NA
"3957","L1CampL2.mConnect.3","mConnect","99","99","3",0.556108479160496,NA
"3958","L1CampL3.mConnect.3","mConnect","99","99","3",0.0955103082584389,NA
"3959","L1CampR1.mConnect.3","mConnect","99","99","3",0.439028647554297,NA
"3960","L2CampL3.mConnect.3","mConnect","99","99","3",-1.03763678574206,NA
"3961","L2CampR1.mConnect.3","mConnect","99","99","3",-0.263757756365278,NA
"3962","L3CampR1.mConnect.3","mConnect","99","99","3",0.379792431502925,NA
"3963","DCampL1.mTau1.3","mTau1","99","99","3",-1.74184638187921,NA
"3964","DCampL2.mTau1.3","mTau1","99","99","3",-1.08769305929852,NA
"3965","DCampL3.mTau1.3","mTau1","99","99","3",-0.631152789137012,NA
"3966","DCampR1.mTau1.3","mTau1","99","99","3",-0.752603314829358,NA
"3967","L1CampL2.mTau1.3","mTau1","99","99","3",0.238581317649294,NA
"3968","L1CampL3.mTau1.3","mTau1","99","99","3",0.4050896505664,NA
"3969","L1CampR1.mTau1.3","mTau1","99","99","3",0.360794490015098,NA
"3970","L2CampL3.mTau1.3","mTau1","99","99","3",0.218681701377551,NA
"3971","L2CampR1.mTau1.3","mTau1","99","99","3",0.160507189012618,NA
"3972","L3CampR1.mTau1.3","mTau1","99","99","3",-0.0744568666412921,NA
"3973","DCampL1.mTau2.3","mTau2","99","99","3",-7.52261381520292,NA
"3974","DCampL2.mTau2.3","mTau2","99","99","3",-3.66434694782965,NA
"3975","DCampL3.mTau2.3","mTau2","99","99","3",-10.0340757939059,NA
"3976","DCampR1.mTau2.3","mTau2","99","99","3",-0.62431405005433,NA
"3977","L1CampL2.mTau2.3","mTau2","99","99","3",0.452709339063417,NA
"3978","L1CampL3.mTau2.3","mTau2","99","99","3",-0.294682128412637,NA
"3979","L1CampR1.mTau2.3","mTau2","99","99","3",0.809411280943315,NA
"3980","L2CampL3.mTau2.3","mTau2","99","99","3",-1.36562072189764,NA
"3981","L2CampR1.mTau2.3","mTau2","99","99","3",0.651759599313226,NA
"3982","L3CampR1.mTau2.3","mTau2","99","99","3",0.852791109976656,NA
"3983","DCampL1.mNPQ.3","mNPQ","99","99","3",0.791928806253316,NA
"3984","DCampL2.mNPQ.3","mNPQ","99","99","3",0.686164511904143,NA
"3985","DCampL3.mNPQ.3","mNPQ","99","99","3",0.624776755020905,NA
"3986","DCampR1.mNPQ.3","mNPQ","99","99","3",0.470541735885445,NA
"3987","L1CampL2.mNPQ.3","mNPQ","99","99","3",-0.508308201845256,NA
"3988","L1CampL3.mNPQ.3","mNPQ","99","99","3",-0.803340665387395,NA
"3989","L1CampR1.mNPQ.3","mNPQ","99","99","3",-1.54460146347381,NA
"3990","L2CampL3.mNPQ.3","mNPQ","99","99","3",-0.195604892409388,NA
"3991","L2CampR1.mNPQ.3","mNPQ","99","99","3",-0.687056703902266,NA
"3992","L3CampR1.mNPQ.3","mNPQ","99","99","3",-0.411048678884629,NA
"3993","DCampL1.mqP.3","mqP","99","99","3",0.718570192529735,NA
"3994","DCampL2.mqP.3","mqP","99","99","3",0.548027410531475,NA
"3995","DCampL3.mqP.3","mqP","99","99","3",0.575340010082682,NA
"3996","DCampR1.mqP.3","mqP","99","99","3",0.303828554412841,NA
"3997","L1CampL2.mqP.3","mqP","99","99","3",-0.605986919193977,NA
"3998","L1CampL3.mqP.3","mqP","99","99","3",-0.508937499316542,NA
"3999","L1CampR1.mqP.3","mqP","99","99","3",-1.47369477968574,NA
"4000","L2CampL3.mqP.3","mqP","99","99","3",0.0604297698303433,NA
"4001","L2CampR1.mqP.3","mqP","99","99","3",-0.540295721043144,NA
"4002","L3CampR1.mqP.3","mqP","99","99","3",-0.639361988688185,NA
"4003","DCampL1.mABQ.3","mABQ","99","99","3",0,NA
"4004","DCampL2.mABQ.3","mABQ","99","99","3",1,NA
"4005","DCampL3.mABQ.3","mABQ","99","99","3",0,NA
"4006","DCampR1.mABQ.3","mABQ","99","99","3",1,NA
"4007","L1CampL2.mABQ.3","mABQ","99","99","3",1.07121724905413,NA
"4008","L1CampL3.mABQ.3","mABQ","99","99","3",-0.0195033024277726,NA
"4009","L1CampR1.mABQ.3","mABQ","99","99","3",1.61887813574177,NA
"4010","L2CampL3.mABQ.3","mABQ","99","99","3",15.3153985301077,NA
"4011","L2CampR1.mABQ.3","mABQ","99","99","3",-7.69000339049038,NA
"4012","L3CampR1.mABQ.3","mABQ","99","99","3",1.60703887301592,NA
"4013","DCampL1.mqm.3","mqm","99","99","3",0,NA
"4014","DCampL2.mqm.3","mqm","99","99","3",0,NA
"4015","DCampL3.mqm.3","mqm","99","99","3",0,NA
"4016","DCampR1.mqm.3","mqm","99","99","3",0,NA
"4017","L1CampL2.mqm.3","mqm","99","99","3",0.207950675392798,NA
"4018","L1CampL3.mqm.3","mqm","99","99","3",0.0266715048731167,NA
"4019","L1CampR1.mqm.3","mqm","99","99","3",0.532800407214008,NA
"4020","L2CampL3.mqm.3","mqm","99","99","3",-0.228873587651353,NA
"4021","L2CampR1.mqm.3","mqm","99","99","3",0.410138259990704,NA
"4022","L3CampR1.mqm.3","mqm","99","99","3",0.519998032395951,NA
"4023","DCampL1.mQuant.4","mQuant","99","99","4",0.874123892331013,NA
"4024","DCampL2.mQuant.4","mQuant","99","99","4",0.688743983099086,NA
"4025","DCampL3.mQuant.4","mQuant","99","99","4",0.852337359529358,NA
"4026","DCampR1.mQuant.4","mQuant","99","99","4",0.396677365375194,NA
"4027","L1CampL2.mQuant.4","mQuant","99","99","4",-1.47271720316786,NA
"4028","L1CampL3.mQuant.4","mQuant","99","99","4",-0.173079174476434,NA
"4029","L1CampR1.mQuant.4","mQuant","99","99","4",-3.7929876908122,NA
"4030","L2CampL3.mQuant.4","mQuant","99","99","4",0.525591048999225,NA
"4031","L2CampR1.mQuant.4","mQuant","99","99","4",-0.938348503691316,NA
"4032","L3CampR1.mQuant.4","mQuant","99","99","4",-3.08581773088879,NA
"4033","DCampL1.mSigma.4","mSigma","99","99","4",0.168731581979401,NA
"4034","DCampL2.mSigma.4","mSigma","99","99","4",-0.127157112899085,NA
"4035","DCampL3.mSigma.4","mSigma","99","99","4",0.172231198469514,NA
"4036","DCampR1.mSigma.4","mSigma","99","99","4",-0.208639070988079,NA
"4037","L1CampL2.mSigma.4","mSigma","99","99","4",-0.355948437910165,NA
"4038","L1CampL3.mSigma.4","mSigma","99","99","4",0.00420997167009682,NA
"4039","L1CampR1.mSigma.4","mSigma","99","99","4",-0.4539696742793,NA
"4040","L2CampL3.mSigma.4","mSigma","99","99","4",0.265613646884207,NA
"4041","L2CampR1.mSigma.4","mSigma","99","99","4",-0.0722897962994881,NA
"4042","L3CampR1.mSigma.4","mSigma","99","99","4",-0.460116724323738,NA
"4043","DCampL1.mConnect.4","mConnect","99","99","4",-0.0224104515150135,NA
"4044","DCampL2.mConnect.4","mConnect","99","99","4",0.3752523682056,NA
"4045","DCampL3.mConnect.4","mConnect","99","99","4",-0.0620966842553885,NA
"4046","DCampR1.mConnect.4","mConnect","99","99","4",0.298108729745198,NA
"4047","L1CampL2.mConnect.4","mConnect","99","99","4",0.38894635626167,NA
"4048","L1CampL3.mConnect.4","mConnect","99","99","4",-0.0388163410121324,NA
"4049","L1CampR1.mConnect.4","mConnect","99","99","4",0.313493647082015,NA
"4050","L2CampL3.mConnect.4","mConnect","99","99","4",-0.700041152944965,NA
"4051","L2CampR1.mConnect.4","mConnect","99","99","4",-0.123479681289595,NA
"4052","L3CampR1.mConnect.4","mConnect","99","99","4",0.339145596950167,NA
"4053","DCampL1.mTau1.4","mTau1","99","99","4",-1.39077260383042,NA
"4054","DCampL2.mTau1.4","mTau1","99","99","4",-0.862409540956979,NA
"4055","DCampL3.mTau1.4","mTau1","99","99","4",-0.751429418111822,NA
"4056","DCampR1.mTau1.4","mTau1","99","99","4",-0.696860171715344,NA
"4057","L1CampL2.mTau1.4","mTau1","99","99","4",0.221000969321346,NA
"4058","L1CampL3.mTau1.4","mTau1","99","99","4",0.267421161131871,NA
"4059","L1CampR1.mTau1.4","mTau1","99","99","4",0.290246103290339,NA
"4060","L2CampL3.mTau1.4","mTau1","99","99","4",0.0595895373195581,NA
"4061","L2CampR1.mTau1.4","mTau1","99","99","4",0.0888898846365282,NA
"4062","L3CampR1.mTau1.4","mTau1","99","99","4",0.0311569771708575,NA
"4063","DCampL1.mTau2.4","mTau2","99","99","4",-6.32314768555949,NA
"4064","DCampL2.mTau2.4","mTau2","99","99","4",-3.11894728406175,NA
"4065","DCampL3.mTau2.4","mTau2","99","99","4",-9.81293167886104,NA
"4066","DCampR1.mTau2.4","mTau2","99","99","4",-0.478261550095164,NA
"4067","L1CampL2.mTau2.4","mTau2","99","99","4",0.4375441461895,NA
"4068","L1CampL3.mTau2.4","mTau2","99","99","4",-0.476541528744949,NA
"4069","L1CampR1.mTau2.4","mTau2","99","99","4",0.798138503609569,NA
"4070","L2CampL3.mTau2.4","mTau2","99","99","4",-1.62516874656338,NA
"4071","L2CampR1.mTau2.4","mTau2","99","99","4",0.641106950842685,NA
"4072","L3CampR1.mTau2.4","mTau2","99","99","4",0.863287626889836,NA
"4073","DCampL1.mNPQ.4","mNPQ","99","99","4",0.770200936991884,NA
"4074","DCampL2.mNPQ.4","mNPQ","99","99","4",0.664336340095995,NA
"4075","DCampL3.mNPQ.4","mNPQ","99","99","4",0.608449178000922,NA
"4076","DCampR1.mNPQ.4","mNPQ","99","99","4",0.451058013494086,NA
"4077","L1CampL2.mNPQ.4","mNPQ","99","99","4",-0.460683327034062,NA
"4078","L1CampL3.mNPQ.4","mNPQ","99","99","4",-0.703883457458871,NA
"4079","L1CampR1.mNPQ.4","mNPQ","99","99","4",-1.38879123056531,NA
"4080","L2CampL3.mNPQ.4","mNPQ","99","99","4",-0.166497505601458,NA
"4081","L2CampR1.mNPQ.4","mNPQ","99","99","4",-0.635392960509645,NA
"4082","L3CampR1.mNPQ.4","mNPQ","99","99","4",-0.401968673449002,NA
"4083","DCampL1.mqP.4","mqP","99","99","4",0.691489795817145,NA
"4084","DCampL2.mqP.4","mqP","99","99","4",0.524525914080322,NA
"4085","DCampL3.mqP.4","mqP","99","99","4",0.554978365200477,NA
"4086","DCampR1.mqP.4","mqP","99","99","4",0.285908145928728,NA
"4087","L1CampL2.mqP.4","mqP","99","99","4",-0.541194033367735,NA
"4088","L1CampL3.mqP.4","mqP","99","99","4",-0.442485949462329,NA
"4089","L1CampR1.mqP.4","mqP","99","99","4",-1.31464581848329,NA
"4090","L2CampL3.mqP.4","mqP","99","99","4",0.0640465001604724,NA
"4091","L2CampR1.mqP.4","mqP","99","99","4",-0.501852309553425,NA
"4092","L3CampR1.mqP.4","mqP","99","99","4",-0.60462278287428,NA
"4093","DCampL1.mABQ.4","mABQ","99","99","4",0,NA
"4094","DCampL2.mABQ.4","mABQ","99","99","4",1,NA
"4095","DCampL3.mABQ.4","mABQ","99","99","4",0,NA
"4096","DCampR1.mABQ.4","mABQ","99","99","4",1,NA
"4097","L1CampL2.mABQ.4","mABQ","99","99","4",1.75360588342382,NA
"4098","L1CampL3.mABQ.4","mABQ","99","99","4",-0.0207407318123763,NA
"4099","L1CampR1.mABQ.4","mABQ","99","99","4",2.23651463786756,NA
"4100","L2CampL3.mABQ.4","mABQ","99","99","4",2.35447553457902,NA
"4101","L2CampR1.mABQ.4","mABQ","99","99","4",-0.640797484554875,NA
"4102","L3CampR1.mABQ.4","mABQ","99","99","4",2.2113895324546,NA
"4103","DCampL1.mqm.4","mqm","99","99","4",0,NA
"4104","DCampL2.mqm.4","mqm","99","99","4",0,NA
"4105","DCampL3.mqm.4","mqm","99","99","4",0,NA
"4106","DCampR1.mqm.4","mqm","99","99","4",0,NA
"4107","L1CampL2.mqm.4","mqm","99","99","4",0.212075096972327,NA
"4108","L1CampL3.mqm.4","mqm","99","99","4",0.024923850031781,NA
"4109","L1CampR1.mqm.4","mqm","99","99","4",0.546200065167673,NA
"4110","L2CampL3.mqm.4","mqm","99","99","4",-0.237524218642412,NA
"4111","L2CampR1.mqm.4","mqm","99","99","4",0.424056870028401,NA
"4112","L3CampR1.mqm.4","mqm","99","99","4",0.534600518280426,NA
"4113","secDer1TOJp.1","OJIP2","99","99","1",8.59054777431783,NA
"4114","secDer2TJ.1","OJIP2","99","99","1",75.3702581518679,NA
"4115","secDer3TJIp.1","OJIP2","99","99","1",177.294417927145,NA
"4116","secDer4TI.1","OJIP2","99","99","1",225.048153554453,NA
"4117","secDer5TIPp.1","OJIP2","99","99","1",577.586714400595,NA
"4118","secDer1FOJp.1","OJIP2","99","99","1",0.376177614274548,NA
"4119","secDer2FJ.1","OJIP2","99","99","1",0.548659137594057,NA
"4120","secDer3FJIp.1","OJIP2","99","99","1",0.609992515382251,NA
"4121","secDer4FI.1","OJIP2","99","99","1",0.586083381844553,NA
"4122","secDer5FIPp.1","OJIP2","99","99","1",0.621861718356178,NA
"4123","firDer1TOJ.1","OJIP2","99","99","1",32.7842004527261,NA
"4124","firDer2TJp.1","OJIP2","99","99","1",43.6676941473344,NA
"4125","firDer3TJI.1","OJIP2","99","99","1",57.1068493995573,NA
"4126","firDer4TIp.1","OJIP2","99","99","1",145.894194679678,NA
"4127","firDer5TIP.1","OJIP2","99","99","1",303.911342645249,NA
"4128","firDer1FOJ.1","OJIP2","99","99","1",0.471173454263229,NA
"4129","firDer2FJp.1","OJIP2","99","99","1",0.498961152725602,NA
"4130","firDer3FJI.1","OJIP2","99","99","1",0.524278104052406,NA
"4131","firDer4FIp.1","OJIP2","99","99","1",0.610423770991305,NA
"4132","firDer5FIP.1","OJIP2","99","99","1",0.612568812145227,NA
"4133","MTFm.1","OJIP2","99","99","1",3347.27705882353,NA
"4134","MTFo.1","OJIP2","99","99","1",0,NA
"4135","secDer1TOJp.2","OJIP2","99","99","2",24.7831684668904,NA
"4136","secDer2TJ.2","OJIP2","99","99","2",120.330833605551,NA
"4137","secDer3TJIp.2","OJIP2","99","99","2",924.251327309289,NA
"4138","secDer4TI.2","OJIP2","99","99","2",5788.45055956461,NA
"4139","secDer5TIPp.2","OJIP2","99","99","2",0,NA
"4140","secDer1FOJp.2","OJIP2","99","99","2",0.497494183354757,NA
"4141","secDer2FJ.2","OJIP2","99","99","2",0.724977563194107,NA
"4142","secDer3FJIp.2","OJIP2","99","99","2",0.77847429783392,NA
"4143","secDer4FI.2","OJIP2","99","99","2",0.891068173802177,NA
"4144","secDer5FIPp.2","OJIP2","99","99","2",0,NA
"4145","firDer1TOJ.2","OJIP2","99","99","2",70.5207640368546,NA
"4146","firDer2TJp.2","OJIP2","99","99","2",560.621367066764,NA
"4147","firDer3TJI.2","OJIP2","99","99","2",4873.76887631496,NA
"4148","firDer4TIp.2","OJIP2","99","99","2",4896.17419735029,NA
"4149","firDer5TIP.2","OJIP2","99","99","2",5067.53014046522,NA
"4150","firDer1FOJ.2","OJIP2","99","99","2",0.626101707242073,NA
"4151","firDer2FJp.2","OJIP2","99","99","2",0.801476842716253,NA
"4152","firDer3FJI.2","OJIP2","99","99","2",0.871343228191931,NA
"4153","firDer4FIp.2","OJIP2","99","99","2",0.872235086674321,NA
"4154","firDer5FIP.2","OJIP2","99","99","2",0.875425515262936,NA
"4155","MTFm.2","OJIP2","99","99","2",3741.66647058824,NA
"4156","MTFo.2","OJIP2","99","99","2",0,NA
"4157","secDer1TOJp.3","OJIP2","99","99","3",26.7446435908629,NA
"4158","secDer2TJ.3","OJIP2","99","99","3",129.026099549324,NA
"4159","secDer3TJIp.3","OJIP2","99","99","3",987.781282180169,NA
"4160","secDer4TI.3","OJIP2","99","99","3",0,NA
"4161","secDer5TIPp.3","OJIP2","99","99","3",0,NA
"4162","secDer1FOJp.3","OJIP2","99","99","3",0.462474842972521,NA
"4163","secDer2FJ.3","OJIP2","99","99","3",0.690809684502767,NA
"4164","secDer3FJIp.3","OJIP2","99","99","3",0.763426658724411,NA
"4165","secDer4FI.3","OJIP2","99","99","3",0,NA
"4166","secDer5FIPp.3","OJIP2","99","99","3",0,NA
"4167","firDer1TOJ.3","OJIP2","99","99","3",75.1990739706694,NA
"4168","firDer2TJp.3","OJIP2","99","99","3",606.936648036468,NA
"4169","firDer3TJI.3","OJIP2","99","99","3",6149.62849267693,NA
"4170","firDer4TIp.3","OJIP2","99","99","3",6249.32263071661,NA
"4171","firDer5TIP.3","OJIP2","99","99","3",6336.06010981306,NA
"4172","firDer1FOJ.3","OJIP2","99","99","3",0.589897877908028,NA
"4173","firDer2FJp.3","OJIP2","99","99","3",0.78129532096076,NA
"4174","firDer3FJI.3","OJIP2","99","99","3",0.87468289851205,NA
"4175","firDer4FIp.3","OJIP2","99","99","3",0.875838739303395,NA
"4176","firDer5FIP.3","OJIP2","99","99","3",0.876458498854756,NA
"4177","MTFm.3","OJIP2","99","99","3",3198.92980392157,NA
"4178","MTFo.3","OJIP2","99","99","3",0,NA
"4179","secDer1TOJp.4","OJIP2","99","99","4",29.725701078375,NA
"4180","secDer2TJ.4","OJIP2","99","99","4",136.339889683961,NA
"4181","secDer3TJIp.4","OJIP2","99","99","4",1017.72677596617,NA
"4182","secDer4TI.4","OJIP2","99","99","4",0,NA
"4183","secDer5TIPp.4","OJIP2","99","99","4",0,NA
"4184","secDer1FOJp.4","OJIP2","99","99","4",0.451197800405081,NA
"4185","secDer2FJ.4","OJIP2","99","99","4",0.675675825415095,NA
"4186","secDer3FJIp.4","OJIP2","99","99","4",0.754681983980421,NA
"4187","secDer4FI.4","OJIP2","99","99","4",0,NA
"4188","secDer5FIPp.4","OJIP2","99","99","4",0,NA
"4189","firDer1TOJ.4","OJIP2","99","99","4",81.6827868907917,NA
"4190","firDer2TJp.4","OJIP2","99","99","4",629.661212745014,NA
"4191","firDer3TJI.4","OJIP2","99","99","4",6121.43768466195,NA
"4192","firDer4TIp.4","OJIP2","99","99","4",6149.62849267693,NA
"4193","firDer5TIP.4","OJIP2","99","99","4",6365.23930975405,NA
"4194","firDer1FOJ.4","OJIP2","99","99","4",0.577367492427869,NA
"4195","firDer2FJp.4","OJIP2","99","99","4",0.769666315466952,NA
"4196","firDer3FJI.4","OJIP2","99","99","4",0.862526703404097,NA
"4197","firDer4FIp.4","OJIP2","99","99","4",0.862726598821747,NA
"4198","firDer5FIP.4","OJIP2","99","99","4",0.867891128307079,NA
"4199","MTFm.4","OJIP2","99","99","4",2854.18823529412,NA
"4200","MTFo.4","OJIP2","99","99","4",0,NA
